0.5000 8.6802
1.0000 9.7177
1.5000 10.2811
2.0000 10.6797
2.5000 10.9912
3.0000 11.2868
3.5000 11.4596
4.0000 11.6125
4.5000 11.8155
5.0000 11.9520
5.5000 12.0289
6.0000 12.1778
6.5000 12.2789
7.0000 12.3786
7.5000 12.4545
8.0000 12.5987
8.5000 12.5933
9.0000 12.6986
9.5000 12.7769
10.0000 12.8648
10.5000 12.9128
11.0000 12.9352
11.5000 13.0030
12.0000 13.0626
12.5000 13.0996
13.0000 13.1469
13.5000 13.1718
14.0000 13.2455
14.5000 13.2893
15.0000 13.3283
15.5000 13.3306
16.0000 13.4094
16.5000 13.4645
17.0000 13.4501
17.5000 13.4894
18.0000 13.5385
18.5000 13.5375
19.0000 13.5972
19.5000 13.6122
20.0000 13.6454
20.5000 13.6538
21.0000 13.7050
21.5000 13.6937
22.0000 13.7404
22.5000 13.7931
23.0000 13.7672
23.5000 13.7976
24.0000 13.7999
24.5000 13.8506
25.0000 13.8649
25.5000 13.9026
26.0000 13.8817
26.5000 13.9390
27.0000 13.9339
27.5000 13.9964
28.0000 13.9569
28.5000 13.9957
29.0000 13.9981
29.5000 13.9968
30.0000 14.0509
30.5000 14.0210
31.0000 14.0470
31.5000 14.0533
32.0000 14.0736
32.5000 14.0921
33.0000 14.1297
33.5000 14.1069
34.0000 14.0747
34.5000 14.1476
35.0000 14.1421
35.5000 14.1948
36.0000 14.1950
36.5000 14.1783
37.0000 14.1991
37.5000 14.1921
38.0000 14.2117
38.5000 14.1956
39.0000 14.2678
39.5000 14.2461
40.0000 14.2629
40.5000 14.2665
41.0000 14.2625
41.5000 14.2765
42.0000 14.2852
42.5000 14.2819
43.0000 14.2997
43.5000 14.3089
44.0000 14.3041
44.5000 14.3548
45.0000 14.3096
45.5000 14.3138
46.0000 14.3933
46.5000 14.3821
47.0000 14.3900
47.5000 14.3608
48.0000 14.3863
48.5000 14.3853
49.0000 14.3802
49.5000 14.4416
50.0000 14.4011
50.5000 14.4108
51.0000 14.4082
51.5000 14.4206
52.0000 14.4374
52.5000 14.4154
53.0000 14.4257
53.5000 14.4692
54.0000 14.4283
54.5000 14.4501
55.0000 14.4745
55.5000 14.4300
56.0000 14.4647
56.5000 14.4562
57.0000 14.4913
57.5000 14.4595
58.0000 14.5107
58.5000 14.5548
59.0000 14.4700
59.5000 14.4634
60.0000 14.4950
60.5000 14.5041
61.0000 14.5351
61.5000 14.5110
62.0000 14.5337
62.5000 14.5121
63.0000 14.5339
63.5000 14.5492
64.0000 14.5646
64.5000 14.5581
65.0000 14.5149
65.5000 14.5285
66.0000 14.5821
66.5000 14.5715
67.0000 14.6028
67.5000 14.5872
68.0000 14.5924
68.5000 14.6012
69.0000 14.6001
69.5000 14.5533
70.0000 14.5669
70.5000 14.5905
71.0000 14.5908
71.5000 14.5513
72.0000 14.6053
72.5000 14.6012
73.0000 14.6347
73.5000 14.5874
74.0000 14.6149
74.5000 14.6217
75.0000 14.6225
75.5000 14.6153
76.0000 14.6087
76.5000 14.6310
77.0000 14.6175
77.5000 14.6115
78.0000 14.6297
78.5000 14.6338
79.0000 14.6063
79.5000 14.6371
80.0000 14.6161
80.5000 14.6209
81.0000 14.6792
81.5000 14.6398
82.0000 14.6307
82.5000 14.6390
83.0000 14.6390
83.5000 14.6373
84.0000 14.6692
84.5000 14.6579
85.0000 14.6465
85.5000 14.6717
86.0000 14.6792
86.5000 14.6597
87.0000 14.6533
87.5000 14.6507
88.0000 14.6675
88.5000 14.6790
89.0000 14.6865
89.5000 14.6561
90.0000 14.6767
90.5000 14.6553
91.0000 14.6562
91.5000 14.6636
92.0000 14.6785
92.5000 14.6379
93.0000 14.6626
93.5000 14.6860
94.0000 14.6927
94.5000 14.6511
95.0000 14.7129
95.5000 14.7050
96.0000 14.6843
96.5000 14.6842
97.0000 14.7077
97.5000 14.6966
98.0000 14.7027
98.5000 14.6771
99.0000 14.7109
99.5000 14.7152
100.0000 14.7036
100.5000 14.7128
101.0000 14.6919
101.5000 14.7166
102.0000 14.6973
102.5000 14.6778
103.0000 14.7212
103.5000 14.7218
104.0000 14.6815
104.5000 14.6925
105.0000 14.7130
105.5000 14.7119
106.0000 14.6838
106.5000 14.6940
107.0000 14.7289
107.5000 14.7095
108.0000 14.7160
108.5000 14.6919
109.0000 14.7305
109.5000 14.7368
110.0000 14.6556
110.5000 14.6828
111.0000 14.7235
111.5000 14.7244
112.0000 14.7123
112.5000 14.7275
113.0000 14.7190
113.5000 14.7533
114.0000 14.7163
114.5000 14.7204
115.0000 14.7229
115.5000 14.7244
116.0000 14.7269
116.5000 14.7333
117.0000 14.7541
117.5000 14.7020
118.0000 14.7610
118.5000 14.7198
119.0000 14.7028
119.5000 14.7238
120.0000 14.6949
120.5000 14.7619
121.0000 14.7533
121.5000 14.7337
122.0000 14.7432
122.5000 14.7418
123.0000 14.7144
123.5000 14.7412
124.0000 14.7266
124.5000 14.7159
125.0000 14.7233
125.5000 14.7037
126.0000 14.7655
126.5000 14.7550
127.0000 14.7292
127.5000 14.7368
128.0000 14.7591
128.5000 14.7284
129.0000 14.6926
129.5000 14.7373
130.0000 14.7207
130.5000 14.7415
131.0000 14.7634
131.5000 14.7243
132.0000 14.7319
132.5000 14.7284
133.0000 14.7230
133.5000 14.7417
134.0000 14.7411
134.5000 14.7393
135.0000 14.7761
135.5000 14.7567
136.0000 14.7380
136.5000 14.7055
137.0000 14.7232
137.5000 14.7491
138.0000 14.7382
138.5000 14.7624
139.0000 14.7100
139.5000 14.7459
140.0000 14.7387
140.5000 14.7081
141.0000 14.7337
141.5000 14.7489
142.0000 14.7724
142.5000 14.7396
143.0000 14.7333
143.5000 14.7521
144.0000 14.7729
144.5000 14.7270
145.0000 14.7769
145.5000 14.7819
146.0000 14.7009
146.5000 14.7301
147.0000 14.7538
147.5000 14.7214
148.0000 14.7578
148.5000 14.7493
149.0000 14.7571
149.5000 14.7591
150.0000 14.7654
150.5000 14.7380
151.0000 14.7808
151.5000 14.7939
152.0000 14.7624
152.5000 14.7313
153.0000 14.7659
153.5000 14.7431
154.0000 14.7821
154.5000 14.7663
155.0000 14.7622
155.5000 14.7680
156.0000 14.7715
156.5000 14.7782
157.0000 14.7670
157.5000 14.7220
158.0000 14.7280
158.5000 14.7362
159.0000 14.7570
159.5000 14.7751
160.0000 14.7359
160.5000 14.7497
161.0000 14.7493
161.5000 14.7261
162.0000 14.7506
162.5000 14.7626
163.0000 14.7416
163.5000 14.7447
164.0000 14.7310
164.5000 14.7606
165.0000 14.7381
165.5000 14.7761
166.0000 14.7691
166.5000 14.7234
167.0000 14.7456
167.5000 14.7778
168.0000 14.7426
168.5000 14.7491
169.0000 14.7777
169.5000 14.7478
170.0000 14.7304
170.5000 14.7453
171.0000 14.7389
171.5000 14.7566
172.0000 14.7259
172.5000 14.7503
173.0000 14.7613
173.5000 14.7428
174.0000 14.7820
174.5000 14.7472
175.0000 14.7227
175.5000 14.7495
176.0000 14.7357
176.5000 14.7507
177.0000 14.7641
177.5000 14.7523
178.0000 14.7583
178.5000 14.7591
179.0000 14.7788
179.5000 14.7707
180.0000 14.7097
180.5000 14.7598
181.0000 14.7436
181.5000 14.7755
182.0000 14.7848
182.5000 14.7624
183.0000 14.7392
183.5000 14.7725
184.0000 14.7524
184.5000 14.8039
185.0000 14.7438
185.5000 14.7803
186.0000 14.7620
186.5000 14.7272
187.0000 14.7054
187.5000 14.7321
188.0000 14.7441
188.5000 14.7344
189.0000 14.7756
189.5000 14.7504
190.0000 14.7748
190.5000 14.7358
191.0000 14.7618
191.5000 14.7756
192.0000 14.7717
192.5000 14.7878
193.0000 14.7517
193.5000 14.7116
194.0000 14.7523
194.5000 14.7408
195.0000 14.7653
195.5000 14.7862
196.0000 14.7646
196.5000 14.7473
197.0000 14.7548
197.5000 14.7388
198.0000 14.7779
198.5000 14.7340
199.0000 14.7649
199.5000 14.7904
200.0000 14.7522
200.5000 14.7895
201.0000 14.7559
201.5000 14.7423
202.0000 14.7584
202.5000 14.7701
203.0000 14.7624
203.5000 14.7434
204.0000 14.7582
204.5000 14.7574
205.0000 14.7324
205.5000 14.7901
206.0000 14.7331
206.5000 14.7496
207.0000 14.7597
207.5000 14.7682
208.0000 14.7337
208.5000 14.7531
209.0000 14.7924
209.5000 14.7686
210.0000 14.7399
210.5000 14.7628
211.0000 14.7703
211.5000 14.7742
212.0000 14.7543
212.5000 14.7659
213.0000 14.7444
213.5000 14.7995
214.0000 14.7797
214.5000 14.7091
215.0000 14.7639
215.5000 14.7546
216.0000 14.7519
216.5000 14.7518
217.0000 14.7481
217.5000 14.7287
218.0000 14.7580
218.5000 14.7884
219.0000 14.7571
219.5000 14.7439
220.0000 14.7469
220.5000 14.7642
221.0000 14.7508
221.5000 14.7558
222.0000 14.7476
222.5000 14.7341
223.0000 14.7558
223.5000 14.7525
224.0000 14.7848
224.5000 14.7676
225.0000 14.7443
225.5000 14.7598
226.0000 14.7478
226.5000 14.7523
227.0000 14.7909
227.5000 14.7760
228.0000 14.7695
228.5000 14.7717
229.0000 14.7821
229.5000 14.7517
230.0000 14.7673
230.5000 14.7635
231.0000 14.7445
231.5000 14.7369
232.0000 14.7943
232.5000 14.7412
233.0000 14.7896
233.5000 14.7506
234.0000 14.7857
234.5000 14.7439
235.0000 14.7505
235.5000 14.7696
236.0000 14.7423
236.5000 14.7487
237.0000 14.7437
237.5000 14.7320
238.0000 14.7523
238.5000 14.7422
239.0000 14.7776
239.5000 14.7282
240.0000 14.7613
240.5000 14.7761
241.0000 14.7602
241.5000 14.7196
242.0000 14.7719
242.5000 14.7390
243.0000 14.7729
243.5000 14.7441
244.0000 14.7143
244.5000 14.7434
245.0000 14.7786
245.5000 14.7630
246.0000 14.7488
246.5000 14.7613
247.0000 14.7490
247.5000 14.7243
248.0000 14.7636
248.5000 14.7831
249.0000 14.7445
249.5000 14.7215
250.0000 14.7408
250.5000 14.7617
251.0000 14.7684
251.5000 14.7847
252.0000 14.8009
252.5000 14.7778
253.0000 14.7802
253.5000 14.7225
254.0000 14.7513
254.5000 14.7591
255.0000 14.7500
255.5000 14.7352
256.0000 14.7018
256.5000 14.7776
257.0000 14.7364
257.5000 14.7558
258.0000 14.7696
258.5000 14.7601
259.0000 14.7761
259.5000 14.7544
260.0000 14.7603
260.5000 14.7348
261.0000 14.7561
261.5000 14.7939
262.0000 14.7592
262.5000 14.7489
263.0000 14.7523
263.5000 14.7733
264.0000 14.7796
264.5000 14.7722
265.0000 14.7593
265.5000 14.7488
266.0000 14.7178
266.5000 14.7909
267.0000 14.7453
267.5000 14.7847
268.0000 14.7573
268.5000 14.7493
269.0000 14.7756
269.5000 14.7294
270.0000 14.7329
270.5000 14.7615
271.0000 14.7490
271.5000 14.7712
272.0000 14.7786
272.5000 14.7270
273.0000 14.7533
273.5000 14.7576
274.0000 14.7422
274.5000 14.7450
275.0000 14.7834
275.5000 14.7374
276.0000 14.7162
276.5000 14.7535
277.0000 14.7440
277.5000 14.7306
278.0000 14.7271
278.5000 14.7591
279.0000 14.7646
279.5000 14.7984
280.0000 14.7452
280.5000 14.7457
281.0000 14.7680
281.5000 14.7642
282.0000 14.7482
282.5000 14.7407
283.0000 14.7551
283.5000 14.7547
284.0000 14.7510
284.5000 14.7521
285.0000 14.7473
285.5000 14.7619
286.0000 14.7411
286.5000 14.7481
287.0000 14.7602
287.5000 14.7366
288.0000 14.7270
288.5000 14.7683
289.0000 14.7336
289.5000 14.7559
290.0000 14.7337
290.5000 14.7690
291.0000 14.7712
291.5000 14.7635
292.0000 14.7458
292.5000 14.7414
293.0000 14.7962
293.5000 14.7732
294.0000 14.7619
294.5000 14.7731
295.0000 14.7887
295.5000 14.7358
296.0000 14.7567
296.5000 14.7222
297.0000 14.7730
297.5000 14.7774
298.0000 14.7936
298.5000 14.7394
299.0000 14.7864
299.5000 14.7891
300.0000 14.7655
300.5000 14.7521
301.0000 14.7810
301.5000 14.7506
302.0000 14.7826
302.5000 14.7307
303.0000 14.7575
303.5000 14.7808
304.0000 14.7578
304.5000 14.7555
305.0000 14.7542
305.5000 14.7410
306.0000 14.7762
306.5000 14.7173
307.0000 14.7690
307.5000 14.7241
308.0000 14.7891
308.5000 14.7442
309.0000 14.7331
309.5000 14.7544
310.0000 14.7295
310.5000 14.7362
311.0000 14.7582
311.5000 14.7399
312.0000 14.7495
312.5000 14.7600
313.0000 14.7303
313.5000 14.7609
314.0000 14.7680
314.5000 14.7469
315.0000 14.7444
315.5000 14.7520
316.0000 14.7669
316.5000 14.7258
317.0000 14.7681
317.5000 14.7696
318.0000 14.7263
318.5000 14.7179
319.0000 14.7649
319.5000 14.7543
320.0000 14.7462
320.5000 14.7158
321.0000 14.7587
321.5000 14.7700
322.0000 14.7643
322.5000 14.7745
323.0000 14.7852
323.5000 14.7526
324.0000 14.7611
324.5000 14.7575
325.0000 14.7339
325.5000 14.7384
326.0000 14.7540
326.5000 14.7186
327.0000 14.7420
327.5000 14.7455
328.0000 14.7901
328.5000 14.7342
329.0000 14.7197
329.5000 14.7473
330.0000 14.7669
330.5000 14.7678
331.0000 14.7970
331.5000 14.7765
332.0000 14.7206
332.5000 14.7620
333.0000 14.7691
333.5000 14.7333
334.0000 14.7607
334.5000 14.7491
335.0000 14.7400
335.5000 14.7751
336.0000 14.7612
336.5000 14.7975
337.0000 14.7717
337.5000 14.7361
338.0000 14.7667
338.5000 14.7395
339.0000 14.7552
339.5000 14.7527
340.0000 14.7274
340.5000 14.7764
341.0000 14.7854
341.5000 14.7525
342.0000 14.7826
342.5000 14.7822
343.0000 14.7481
343.5000 14.7899
344.0000 14.7477
344.5000 14.7397
345.0000 14.7490
345.5000 14.7694
346.0000 14.7654
346.5000 14.7245
347.0000 14.7483
347.5000 14.7545
348.0000 14.7446
348.5000 14.7430
349.0000 14.7422
349.5000 14.7882
350.0000 14.7519
350.5000 14.7289
351.0000 14.7841
351.5000 14.7611
352.0000 14.7397
352.5000 14.7669
353.0000 14.7536
353.5000 14.7516
354.0000 14.7350
354.5000 14.7529
355.0000 14.7430
355.5000 14.7414
356.0000 14.7766
356.5000 14.7416
357.0000 14.7429
357.5000 14.7704
358.0000 14.7701
358.5000 14.7680
359.0000 14.7616
359.5000 14.7441
360.0000 14.7715
360.5000 14.7451
361.0000 14.7369
361.5000 14.7832
362.0000 14.7206
362.5000 14.7561
363.0000 14.7261
363.5000 14.7287
364.0000 14.7501
364.5000 14.7644
365.0000 14.6972
365.5000 14.7590
366.0000 14.7170
366.5000 14.7697
367.0000 14.7602
367.5000 14.7762
368.0000 14.7335
368.5000 14.7426
369.0000 14.7247
369.5000 14.7660
370.0000 14.7592
370.5000 14.7767
371.0000 14.7295
371.5000 14.8018
372.0000 14.7249
372.5000 14.7769
373.0000 14.7627
373.5000 14.7359
374.0000 14.7459
374.5000 14.7412
375.0000 14.7332
375.5000 14.7919
376.0000 14.7532
376.5000 14.7572
377.0000 14.7623
377.5000 14.7550
378.0000 14.7435
378.5000 14.7791
379.0000 14.7460
379.5000 14.7699
380.0000 14.7339
380.5000 14.7754
381.0000 14.7378
381.5000 14.7737
382.0000 14.7404
382.5000 14.7629
383.0000 14.7256
383.5000 14.7672
384.0000 14.7220
384.5000 14.7372
385.0000 14.7065
385.5000 14.7311
386.0000 14.7451
386.5000 14.7339
387.0000 14.7571
387.5000 14.7717
388.0000 14.7646
388.5000 14.7755
389.0000 14.7263
389.5000 14.7734
390.0000 14.7235
390.5000 14.7501
391.0000 14.7288
391.5000 14.7693
392.0000 14.7609
392.5000 14.7178
393.0000 14.7995
393.5000 14.7199
394.0000 14.7550
394.5000 14.7784
395.0000 14.7530
395.5000 14.7481
396.0000 14.7409
396.5000 14.7373
397.0000 14.7213
397.5000 14.7277
398.0000 14.7518
398.5000 14.7072
399.0000 14.7211
399.5000 14.7180
400.0000 14.7471
400.5000 14.7975
401.0000 14.7515
401.5000 14.7016
402.0000 14.7585
402.5000 14.7498
403.0000 14.7612
403.5000 14.7602
404.0000 14.7477
404.5000 14.7612
405.0000 14.7596
405.5000 14.7558
406.0000 14.7308
406.5000 14.7452
407.0000 14.7527
407.5000 14.7577
408.0000 14.7746
408.5000 14.7563
409.0000 14.7345
409.5000 14.7550
410.0000 14.7759
410.5000 14.7605
411.0000 14.7487
411.5000 14.7735
412.0000 14.7106
412.5000 14.7623
413.0000 14.7353
413.5000 14.7472
414.0000 14.7689
414.5000 14.7640
415.0000 14.7269
415.5000 14.7642
416.0000 14.7326
416.5000 14.7390
417.0000 14.7488
417.5000 14.7324
418.0000 14.7341
418.5000 14.7716
419.0000 14.7416
419.5000 14.7616
420.0000 14.7534
420.5000 14.7383
421.0000 14.7410
421.5000 14.7657
422.0000 14.7591
422.5000 14.7403
423.0000 14.7685
423.5000 14.7451
424.0000 14.7470
424.5000 14.7320
425.0000 14.7364
425.5000 14.7921
426.0000 14.7980
426.5000 14.7355
427.0000 14.7080
427.5000 14.7603
428.0000 14.7114
428.5000 14.7219
429.0000 14.7586
429.5000 14.7808
430.0000 14.7622
430.5000 14.7582
431.0000 14.7860
431.5000 14.7703
432.0000 14.7748
432.5000 14.7320
433.0000 14.7588
433.5000 14.7462
434.0000 14.7648
434.5000 14.7266
435.0000 14.7521
435.5000 14.7631
436.0000 14.7669
436.5000 14.7057
437.0000 14.7397
437.5000 14.6821
438.0000 14.7515
438.5000 14.7240
439.0000 14.8015
439.5000 14.7513
440.0000 14.7692
440.5000 14.7409
441.0000 14.7333
441.5000 14.7458
442.0000 14.7580
442.5000 14.7431
443.0000 14.7558
443.5000 14.7266
444.0000 14.7530
444.5000 14.7753
445.0000 14.7395
445.5000 14.7567
446.0000 14.7641
446.5000 14.7301
447.0000 14.7421
447.5000 14.7630
448.0000 14.7321
448.5000 14.7717
449.0000 14.7444
449.5000 14.7680
450.0000 14.7122
450.5000 14.7438
451.0000 14.7316
451.5000 14.7245
452.0000 14.7620
452.5000 14.7453
453.0000 14.7523
453.5000 14.7550
454.0000 14.7472
454.5000 14.7528
455.0000 14.7770
455.5000 14.7705
456.0000 14.7237
456.5000 14.7562
457.0000 14.7251
457.5000 14.7650
458.0000 14.7044
458.5000 14.7562
459.0000 14.7490
459.5000 14.7380
460.0000 14.7468
460.5000 14.7486
461.0000 14.7312
461.5000 14.7318
462.0000 14.7466
462.5000 14.7523
463.0000 14.7759
463.5000 14.7547
464.0000 14.7643
464.5000 14.7401
465.0000 14.7752
465.5000 14.7778
466.0000 14.7730
466.5000 14.7748
467.0000 14.7758
467.5000 14.7495
468.0000 14.7488
468.5000 14.7471
469.0000 14.7520
469.5000 14.7630
470.0000 14.7570
470.5000 14.7440
471.0000 14.7556
471.5000 14.7827
472.0000 14.7707
472.5000 14.7245
473.0000 14.7320
473.5000 14.7170
474.0000 14.7371
474.5000 14.7890
475.0000 14.7509
475.5000 14.7701
476.0000 14.7815
476.5000 14.7451
477.0000 14.7768
477.5000 14.7642
478.0000 14.8077
478.5000 14.7464
479.0000 14.7591
479.5000 14.7529
480.0000 14.7152
480.5000 14.7402
481.0000 14.7733
481.5000 14.7467
482.0000 14.7160
482.5000 14.7425
483.0000 14.7207
483.5000 14.7330
484.0000 14.7309
484.5000 14.7223
485.0000 14.7417
485.5000 14.7630
486.0000 14.7803
486.5000 14.7362
487.0000 14.7370
487.5000 14.7808
488.0000 14.7351
488.5000 14.7440
489.0000 14.7499
489.5000 14.7208
490.0000 14.7280
490.5000 14.7456
491.0000 14.7236
491.5000 14.7486
492.0000 14.7433
492.5000 14.7715
493.0000 14.7046
493.5000 14.7602
494.0000 14.7208
494.5000 14.7395
495.0000 14.7363
495.5000 14.7514
496.0000 14.7536
496.5000 14.7169
497.0000 14.7205
497.5000 14.7444
498.0000 14.7478
498.5000 14.7735
499.0000 14.7244
499.5000 14.7115
500.0000 14.7501
500.5000 14.7375
501.0000 14.7448
501.5000 14.7797
502.0000 14.7334
502.5000 14.7800
503.0000 14.7338
503.5000 14.7298
504.0000 14.7104
504.5000 14.7421
505.0000 14.7611
505.5000 14.7348
506.0000 14.7483
506.5000 14.7273
507.0000 14.7497
507.5000 14.7574
508.0000 14.7295
508.5000 14.7431
509.0000 14.7366
509.5000 14.7172
510.0000 14.7470
510.5000 14.7096
511.0000 14.7802
511.5000 14.7155
512.0000 14.7519
512.5000 14.7644
513.0000 14.7088
513.5000 14.7602
514.0000 14.7868
514.5000 14.7517
515.0000 14.7212
515.5000 14.7481
516.0000 14.7618
516.5000 14.7293
517.0000 14.7496
517.5000 14.7677
518.0000 14.7718
518.5000 14.7661
519.0000 14.7543
519.5000 14.7356
520.0000 14.7389
520.5000 14.7358
521.0000 14.7516
521.5000 14.7267
522.0000 14.7370
522.5000 14.7283
523.0000 14.7283
523.5000 14.7330
524.0000 14.7320
524.5000 14.7373
525.0000 14.7380
525.5000 14.7432
526.0000 14.7436
526.5000 14.7479
527.0000 14.7790
527.5000 14.7332
528.0000 14.7589
528.5000 14.7630
529.0000 14.7525
529.5000 14.7441
530.0000 14.7091
530.5000 14.7205
531.0000 14.6979
531.5000 14.7232
532.0000 14.7330
532.5000 14.7303
533.0000 14.7673
533.5000 14.7033
534.0000 14.7500
534.5000 14.7290
535.0000 14.7631
535.5000 14.7109
536.0000 14.7275
536.5000 14.7672
537.0000 14.7481
537.5000 14.7137
538.0000 14.7570
538.5000 14.7299
539.0000 14.7536
539.5000 14.7219
540.0000 14.7376
540.5000 14.7493
541.0000 14.7636
541.5000 14.7426
542.0000 14.7685
542.5000 14.7183
543.0000 14.7559
543.5000 14.7462
544.0000 14.7834
544.5000 14.7247
545.0000 14.7350
545.5000 14.7538
546.0000 14.7301
546.5000 14.7563
547.0000 14.7671
547.5000 14.6987
548.0000 14.7407
548.5000 14.7136
549.0000 14.7288
549.5000 14.7474
550.0000 14.7519
550.5000 14.7347
551.0000 14.7445
551.5000 14.7144
552.0000 14.7280
552.5000 14.7511
553.0000 14.7502
553.5000 14.7284
554.0000 14.7371
554.5000 14.7647
555.0000 14.7630
555.5000 14.7520
556.0000 14.7639
556.5000 14.7363
557.0000 14.7835
557.5000 14.7411
558.0000 14.7281
558.5000 14.7841
559.0000 14.7460
559.5000 14.7431
560.0000 14.7604
560.5000 14.7446
561.0000 14.7615
561.5000 14.7283
562.0000 14.7346
562.5000 14.7299
563.0000 14.7405
563.5000 14.7389
564.0000 14.7365
564.5000 14.7357
565.0000 14.7125
565.5000 14.7493
566.0000 14.7585
566.5000 14.7398
567.0000 14.7339
567.5000 14.7148
568.0000 14.7303
568.5000 14.7606
569.0000 14.7372
569.5000 14.7710
570.0000 14.7229
570.5000 14.7542
571.0000 14.7249
571.5000 14.7580
572.0000 14.7728
572.5000 14.7365
573.0000 14.7359
573.5000 14.7291
574.0000 14.7616
574.5000 14.7590
575.0000 14.7487
575.5000 14.7599
576.0000 14.7466
576.5000 14.7730
577.0000 14.7588
577.5000 14.7597
578.0000 14.7180
578.5000 14.7653
579.0000 14.7766
579.5000 14.7570
580.0000 14.7211
580.5000 14.7492
581.0000 14.7606
581.5000 14.7611
582.0000 14.7185
582.5000 14.7402
583.0000 14.7415
583.5000 14.7460
584.0000 14.7667
584.5000 14.7881
585.0000 14.7407
585.5000 14.7156
586.0000 14.7403
586.5000 14.7524
587.0000 14.7598
587.5000 14.7275
588.0000 14.7466
588.5000 14.7305
589.0000 14.7354
589.5000 14.7620
590.0000 14.7114
590.5000 14.7337
591.0000 14.7367
591.5000 14.7555
592.0000 14.7317
592.5000 14.7527
593.0000 14.7251
593.5000 14.7068
594.0000 14.7625
594.5000 14.7045
595.0000 14.7495
595.5000 14.7691
596.0000 14.7452
596.5000 14.7434
597.0000 14.7428
597.5000 14.7593
598.0000 14.7216
598.5000 14.7460
599.0000 14.7625
599.5000 14.7041
600.0000 14.7599
600.5000 14.7501
601.0000 14.7420
601.5000 14.7342
602.0000 14.7161
602.5000 14.7542
603.0000 14.7739
603.5000 14.7620
604.0000 14.7501
604.5000 14.7062
605.0000 14.7731
605.5000 14.7521
606.0000 14.7663
606.5000 14.7356
607.0000 14.7487
607.5000 14.7518
608.0000 14.7245
608.5000 14.6963
609.0000 14.7666
609.5000 14.7355
610.0000 14.7586
610.5000 14.7490
611.0000 14.7192
611.5000 14.7272
612.0000 14.7473
612.5000 14.7634
613.0000 14.7379
613.5000 14.7582
614.0000 14.7627
614.5000 14.7252
615.0000 14.7383
615.5000 14.7450
616.0000 14.7320
616.5000 14.7395
617.0000 14.7498
617.5000 14.7534
618.0000 14.7166
618.5000 14.7337
619.0000 14.7060
619.5000 14.7069
620.0000 14.7077
620.5000 14.7363
621.0000 14.7382
621.5000 14.7676
622.0000 14.7458
622.5000 14.7461
623.0000 14.7245
623.5000 14.7430
624.0000 14.7219
624.5000 14.7318
625.0000 14.7367
625.5000 14.7021
626.0000 14.7623
626.5000 14.7226
627.0000 14.7294
627.5000 14.7413
628.0000 14.7364
628.5000 14.7761
629.0000 14.7473
629.5000 14.7068
630.0000 14.7223
630.5000 14.7877
631.0000 14.6861
631.5000 14.7261
632.0000 14.7729
632.5000 14.7294
633.0000 14.7256
633.5000 14.7186
634.0000 14.7175
634.5000 14.7451
635.0000 14.7296
635.5000 14.7439
636.0000 14.7583
636.5000 14.7473
637.0000 14.7254
637.5000 14.7355
638.0000 14.7219
638.5000 14.7338
639.0000 14.7358
639.5000 14.7519
640.0000 14.7159
640.5000 14.7436
641.0000 14.7442
641.5000 14.7354
642.0000 14.7261
642.5000 14.6873
643.0000 14.7777
643.5000 14.7673
644.0000 14.7452
644.5000 14.7263
645.0000 14.7524
645.5000 14.7554
646.0000 14.7206
646.5000 14.7599
647.0000 14.7455
647.5000 14.7495
648.0000 14.7297
648.5000 14.7528
649.0000 14.7595
649.5000 14.7443
650.0000 14.7486
650.5000 14.7627
651.0000 14.6885
651.5000 14.7390
652.0000 14.7607
652.5000 14.7567
653.0000 14.7800
653.5000 14.7571
654.0000 14.7485
654.5000 14.7504
655.0000 14.7475
655.5000 14.7104
656.0000 14.7436
656.5000 14.7234
657.0000 14.7311
657.5000 14.7457
658.0000 14.7198
658.5000 14.7613
659.0000 14.7220
659.5000 14.7368
660.0000 14.7420
660.5000 14.7301
661.0000 14.7583
661.5000 14.7370
662.0000 14.7471
662.5000 14.7331
663.0000 14.7310
663.5000 14.7512
664.0000 14.7571
664.5000 14.7389
665.0000 14.7391
665.5000 14.7401
666.0000 14.7736
666.5000 14.7112
667.0000 14.7808
667.5000 14.7499
668.0000 14.7631
668.5000 14.7677
669.0000 14.7392
669.5000 14.7287
670.0000 14.7606
670.5000 14.7202
671.0000 14.7545
671.5000 14.7536
672.0000 14.7256
672.5000 14.7477
673.0000 14.7223
673.5000 14.7683
674.0000 14.7503
674.5000 14.7158
675.0000 14.7353
675.5000 14.7418
676.0000 14.7168
676.5000 14.7475
677.0000 14.7230
677.5000 14.7393
678.0000 14.7489
678.5000 14.7378
679.0000 14.7306
679.5000 14.7322
680.0000 14.7202
680.5000 14.7293
681.0000 14.7479
681.5000 14.7432
682.0000 14.7281
682.5000 14.7142
683.0000 14.7272
683.5000 14.7151
684.0000 14.7404
684.5000 14.7111
685.0000 14.7229
685.5000 14.7152
686.0000 14.7494
686.5000 14.7227
687.0000 14.7077
687.5000 14.7235
688.0000 14.7139
688.5000 14.7476
689.0000 14.7233
689.5000 14.7166
690.0000 14.7524
690.5000 14.7337
691.0000 14.7391
691.5000 14.6936
692.0000 14.7417
692.5000 14.7593
693.0000 14.7529
693.5000 14.7499
694.0000 14.7117
694.5000 14.7310
695.0000 14.7322
695.5000 14.6933
696.0000 14.7387
696.5000 14.7394
697.0000 14.6994
697.5000 14.7364
698.0000 14.7315
698.5000 14.7395
699.0000 14.7104
699.5000 14.7396
700.0000 14.7087
700.5000 14.7449
701.0000 14.7171
701.5000 14.7441
702.0000 14.7150
702.5000 14.7291
703.0000 14.7307
703.5000 14.7242
704.0000 14.7176
704.5000 14.7549
705.0000 14.7165
705.5000 14.7155
706.0000 14.7488
706.5000 14.7214
707.0000 14.7436
707.5000 14.7827
708.0000 14.7371
708.5000 14.7388
709.0000 14.7477
709.5000 14.7162
710.0000 14.7802
710.5000 14.7557
711.0000 14.7298
711.5000 14.7281
712.0000 14.7273
712.5000 14.7578
713.0000 14.7286
713.5000 14.7699
714.0000 14.7455
714.5000 14.7484
715.0000 14.7075
715.5000 14.7380
716.0000 14.7544
716.5000 14.7551
717.0000 14.7258
717.5000 14.7453
718.0000 14.7150
718.5000 14.7574
719.0000 14.7356
719.5000 14.7405
720.0000 14.7548
720.5000 14.7089
721.0000 14.7285
721.5000 14.7344
722.0000 14.7295
722.5000 14.7239
723.0000 14.7381
723.5000 14.7268
724.0000 14.7129
724.5000 14.7316
725.0000 14.7132
725.5000 14.6996
726.0000 14.7154
726.5000 14.7269
727.0000 14.7509
727.5000 14.7274
728.0000 14.7116
728.5000 14.7325
729.0000 14.7643
729.5000 14.7271
730.0000 14.7409
730.5000 14.7434
731.0000 14.7435
731.5000 14.7638
732.0000 14.7651
732.5000 14.7498
733.0000 14.7385
733.5000 14.7080
734.0000 14.7408
734.5000 14.6822
735.0000 14.7397
735.5000 14.7390
736.0000 14.7766
736.5000 14.7434
737.0000 14.7577
737.5000 14.7219
738.0000 14.7178
738.5000 14.7050
739.0000 14.6932
739.5000 14.7582
740.0000 14.7374
740.5000 14.7754
741.0000 14.7297
741.5000 14.6977
742.0000 14.7451
742.5000 14.7198
743.0000 14.7560
743.5000 14.7465
744.0000 14.7335
744.5000 14.7512
745.0000 14.7387
745.5000 14.7524
746.0000 14.7294
746.5000 14.7075
747.0000 14.7209
747.5000 14.7465
748.0000 14.7190
748.5000 14.7351
749.0000 14.7191
749.5000 14.7740
750.0000 14.7270
750.5000 14.7141
751.0000 14.7547
751.5000 14.7314
752.0000 14.7487
752.5000 14.7434
753.0000 14.7529
753.5000 14.7081
754.0000 14.7504
754.5000 14.7104
755.0000 14.7455
755.5000 14.7339
756.0000 14.7441
756.5000 14.7101
757.0000 14.7001
757.5000 14.7204
758.0000 14.7619
758.5000 14.7505
759.0000 14.7569
759.5000 14.7296
760.0000 14.7058
760.5000 14.7267
761.0000 14.6855
761.5000 14.7448
762.0000 14.7361
762.5000 14.7384
763.0000 14.7151
763.5000 14.7489
764.0000 14.7381
764.5000 14.7267
765.0000 14.7260
765.5000 14.7352
766.0000 14.7035
766.5000 14.7092
767.0000 14.7567
767.5000 14.7422
768.0000 14.7594
768.5000 14.7397
769.0000 14.7299
769.5000 14.7392
770.0000 14.7028
770.5000 14.7307
771.0000 14.7630
771.5000 14.6901
772.0000 14.7379
772.5000 14.6983
773.0000 14.7310
773.5000 14.7324
774.0000 14.7583
774.5000 14.7240
775.0000 14.7598
775.5000 14.7440
776.0000 14.7539
776.5000 14.7070
777.0000 14.7359
777.5000 14.7485
778.0000 14.7101
778.5000 14.7363
779.0000 14.7057
779.5000 14.7445
780.0000 14.7396
780.5000 14.7142
781.0000 14.7341
781.5000 14.6909
782.0000 14.7264
782.5000 14.7213
783.0000 14.7217
783.5000 14.7234
784.0000 14.7177
784.5000 14.7338
785.0000 14.7143
785.5000 14.7456
786.0000 14.7528
786.5000 14.7555
787.0000 14.7330
787.5000 14.7013
788.0000 14.7366
788.5000 14.7260
789.0000 14.7442
789.5000 14.7494
790.0000 14.7206
790.5000 14.7261
791.0000 14.7368
791.5000 14.7044
792.0000 14.6981
792.5000 14.7499
793.0000 14.7483
793.5000 14.7291
794.0000 14.7282
794.5000 14.7267
795.0000 14.7164
795.5000 14.7218
796.0000 14.7330
796.5000 14.7289
797.0000 14.7443
797.5000 14.7160
798.0000 14.7701
798.5000 14.7085
799.0000 14.7583
799.5000 14.7744
800.0000 14.7408
800.5000 14.7347
801.0000 14.7298
801.5000 14.7282
802.0000 14.7310
802.5000 14.7543
803.0000 14.7344
803.5000 14.7379
804.0000 14.7673
804.5000 14.7356
805.0000 14.7150
805.5000 14.7270
806.0000 14.7391
806.5000 14.7316
807.0000 14.7465
807.5000 14.7031
808.0000 14.7446
808.5000 14.7696
809.0000 14.7485
809.5000 14.7279
810.0000 14.7282
810.5000 14.7518
811.0000 14.7490
811.5000 14.7352
812.0000 14.7067
812.5000 14.7520
813.0000 14.7149
813.5000 14.7364
814.0000 14.7038
814.5000 14.7076
815.0000 14.7098
815.5000 14.6984
816.0000 14.7099
816.5000 14.6979
817.0000 14.7306
817.5000 14.7262
818.0000 14.7417
818.5000 14.7293
819.0000 14.7392
819.5000 14.7525
820.0000 14.7309
820.5000 14.7541
821.0000 14.7362
821.5000 14.7020
822.0000 14.7390
822.5000 14.7245
823.0000 14.7363
823.5000 14.7185
824.0000 14.7220
824.5000 14.7452
825.0000 14.7322
825.5000 14.7280
826.0000 14.7205
826.5000 14.7111
827.0000 14.7507
827.5000 14.7081
828.0000 14.7488
828.5000 14.7130
829.0000 14.7081
829.5000 14.6975
830.0000 14.7561
830.5000 14.6973
831.0000 14.7446
831.5000 14.7098
832.0000 14.7179
832.5000 14.7362
833.0000 14.7159
833.5000 14.7502
834.0000 14.7524
834.5000 14.7229
835.0000 14.7291
835.5000 14.7270
836.0000 14.7321
836.5000 14.7452
837.0000 14.7573
837.5000 14.7434
838.0000 14.7126
838.5000 14.7011
839.0000 14.7241
839.5000 14.7499
840.0000 14.7439
840.5000 14.7062
841.0000 14.7331
841.5000 14.7392
842.0000 14.7538
842.5000 14.6874
843.0000 14.7122
843.5000 14.7293
844.0000 14.7629
844.5000 14.7293
845.0000 14.7438
845.5000 14.7099
846.0000 14.7238
846.5000 14.7052
847.0000 14.7376
847.5000 14.7152
848.0000 14.7155
848.5000 14.7303
849.0000 14.7307
849.5000 14.7549
850.0000 14.7293
850.5000 14.7243
851.0000 14.7108
851.5000 14.7134
852.0000 14.7034
852.5000 14.7398
853.0000 14.7465
853.5000 14.7318
854.0000 14.7502
854.5000 14.7091
855.0000 14.6993
855.5000 14.7276
856.0000 14.7334
856.5000 14.7249
857.0000 14.7159
857.5000 14.7460
858.0000 14.7549
858.5000 14.7292
859.0000 14.7102
859.5000 14.7314
860.0000 14.7262
860.5000 14.7374
861.0000 14.7201
861.5000 14.7416
862.0000 14.7102
862.5000 14.7066
863.0000 14.7452
863.5000 14.7190
864.0000 14.7344
864.5000 14.7468
865.0000 14.7514
865.5000 14.7025
866.0000 14.7091
866.5000 14.7345
867.0000 14.6725
867.5000 14.6961
868.0000 14.6978
868.5000 14.7163
869.0000 14.7351
869.5000 14.7249
870.0000 14.7118
870.5000 14.7545
871.0000 14.7124
871.5000 14.7403
872.0000 14.7185
872.5000 14.7386
873.0000 14.7394
873.5000 14.7292
874.0000 14.7379
874.5000 14.7341
875.0000 14.7212
875.5000 14.7340
876.0000 14.7335
876.5000 14.7473
877.0000 14.7391
877.5000 14.7288
878.0000 14.7016
878.5000 14.7229
879.0000 14.7368
879.5000 14.7877
880.0000 14.7241
880.5000 14.7016
881.0000 14.7214
881.5000 14.7238
882.0000 14.7449
882.5000 14.7175
883.0000 14.7016
883.5000 14.7520
884.0000 14.7327
884.5000 14.7329
885.0000 14.7286
885.5000 14.7145
886.0000 14.7265
886.5000 14.7331
887.0000 14.7407
887.5000 14.7271
888.0000 14.7238
888.5000 14.7115
889.0000 14.7402
889.5000 14.7184
890.0000 14.7328
890.5000 14.7191
891.0000 14.7257
891.5000 14.7453
892.0000 14.7375
892.5000 14.7499
893.0000 14.7458
893.5000 14.7174
894.0000 14.7326
894.5000 14.7196
895.0000 14.7121
895.5000 14.7016
896.0000 14.7261
896.5000 14.7075
897.0000 14.7234
897.5000 14.7532
898.0000 14.7235
898.5000 14.7336
899.0000 14.7179
899.5000 14.7052
900.0000 14.7217
900.5000 14.7095
901.0000 14.7410
901.5000 14.7559
902.0000 14.7078
902.5000 14.7281
903.0000 14.7474
903.5000 14.7341
904.0000 14.7076
904.5000 14.7406
905.0000 14.7479
905.5000 14.7126
906.0000 14.7362
906.5000 14.7191
907.0000 14.7615
907.5000 14.7444
908.0000 14.6936
908.5000 14.7259
909.0000 14.7397
909.5000 14.6980
910.0000 14.7056
910.5000 14.7333
911.0000 14.7135
911.5000 14.7220
912.0000 14.7328
912.5000 14.7423
913.0000 14.7421
913.5000 14.7153
914.0000 14.7440
914.5000 14.7248
915.0000 14.7464
915.5000 14.7063
916.0000 14.7269
916.5000 14.7227
917.0000 14.7180
917.5000 14.7321
918.0000 14.7487
918.5000 14.7046
919.0000 14.7292
919.5000 14.7094
920.0000 14.7024
920.5000 14.7100
921.0000 14.7422
921.5000 14.7030
922.0000 14.7552
922.5000 14.7328
923.0000 14.7434
923.5000 14.7229
924.0000 14.7374
924.5000 14.7506
925.0000 14.7349
925.5000 14.7633
926.0000 14.7089
926.5000 14.7306
927.0000 14.6831
927.5000 14.7000
928.0000 14.7269
928.5000 14.7333
929.0000 14.7401
929.5000 14.7195
930.0000 14.7244
930.5000 14.7174
931.0000 14.7146
931.5000 14.7341
932.0000 14.7162
932.5000 14.7319
933.0000 14.7346
933.5000 14.7017
934.0000 14.6843
934.5000 14.7433
935.0000 14.7356
935.5000 14.7044
936.0000 14.7428
936.5000 14.7205
937.0000 14.7035
937.5000 14.6906
938.0000 14.7263
938.5000 14.7263
939.0000 14.7122
939.5000 14.7234
940.0000 14.7317
940.5000 14.7229
941.0000 14.7105
941.5000 14.7366
942.0000 14.7151
942.5000 14.7028
943.0000 14.7298
943.5000 14.7598
944.0000 14.7291
944.5000 14.6942
945.0000 14.7729
945.5000 14.7065
946.0000 14.7402
946.5000 14.7550
947.0000 14.6857
947.5000 14.7326
948.0000 14.7190
948.5000 14.7177
949.0000 14.7265
949.5000 14.7271
950.0000 14.7355
950.5000 14.7352
951.0000 14.7321
951.5000 14.7164
952.0000 14.7105
952.5000 14.7726
953.0000 14.7589
953.5000 14.7061
954.0000 14.7072
954.5000 14.7243
955.0000 14.7107
955.5000 14.7187
956.0000 14.7139
956.5000 14.6973
957.0000 14.6948
957.5000 14.6989
958.0000 14.7285
958.5000 14.7476
959.0000 14.7529
959.5000 14.6912
960.0000 14.6832
960.5000 14.7020
961.0000 14.7326
961.5000 14.7063
962.0000 14.7092
962.5000 14.7156
963.0000 14.7341
963.5000 14.7381
964.0000 14.6851
964.5000 14.7170
965.0000 14.6968
965.5000 14.7144
966.0000 14.6986
966.5000 14.7477
967.0000 14.7319
967.5000 14.7023
968.0000 14.7188
968.5000 14.7144
969.0000 14.7224
969.5000 14.7106
970.0000 14.7270
970.5000 14.7280
971.0000 14.7066
971.5000 14.7335
972.0000 14.7235
972.5000 14.7248
973.0000 14.7117
973.5000 14.7531
974.0000 14.7264
974.5000 14.7215
975.0000 14.7074
975.5000 14.7385
976.0000 14.7343
976.5000 14.7044
977.0000 14.7406
977.5000 14.7525
978.0000 14.7063
978.5000 14.7164
979.0000 14.7197
979.5000 14.7155
980.0000 14.7165
980.5000 14.7105
981.0000 14.6930
981.5000 14.7149
982.0000 14.7010
982.5000 14.7227
983.0000 14.7450
983.5000 14.7205
984.0000 14.7302
984.5000 14.7366
985.0000 14.7171
985.5000 14.7374
986.0000 14.7162
986.5000 14.7068
987.0000 14.7073
987.5000 14.7689
988.0000 14.6952
988.5000 14.7097
989.0000 14.7386
989.5000 14.7287
990.0000 14.7169
990.5000 14.7522
991.0000 14.6867
991.5000 14.7289
992.0000 14.7078
992.5000 14.7461
993.0000 14.7380
993.5000 14.7225
994.0000 14.7400
994.5000 14.7201
995.0000 14.7551
995.5000 14.7162
996.0000 14.7219
996.5000 14.7116
997.0000 14.7250
997.5000 14.7110
998.0000 14.7316
998.5000 14.7429
999.0000 14.7363
999.5000 14.7294
1000.0000 14.7609
1000.5000 14.7209
1001.0000 14.7540
1001.5000 14.7176
1002.0000 14.7506
1002.5000 14.7147
1003.0000 14.7468
1003.5000 14.7111
1004.0000 14.6929
1004.5000 14.7095
1005.0000 14.7348
1005.5000 14.7563
1006.0000 14.7050
1006.5000 14.7210
1007.0000 14.7115
1007.5000 14.7314
1008.0000 14.7415
1008.5000 14.7132
1009.0000 14.7198
1009.5000 14.6786
1010.0000 14.7725
1010.5000 14.7459
1011.0000 14.7464
1011.5000 14.7103
1012.0000 14.7224
1012.5000 14.7537
1013.0000 14.7349
1013.5000 14.7256
1014.0000 14.7352
1014.5000 14.7079
1015.0000 14.6955
1015.5000 14.7296
1016.0000 14.6602
1016.5000 14.7359
1017.0000 14.7398
1017.5000 14.6859
1018.0000 14.7702
1018.5000 14.7257
1019.0000 14.7229
1019.5000 14.7075
1020.0000 14.6934
1020.5000 14.7264
1021.0000 14.7098
1021.5000 14.6944
1022.0000 14.7236
1022.5000 14.7311
1023.0000 14.7055
1023.5000 14.7336
1024.0000 14.6916
1024.5000 14.7364
1025.0000 14.7057
1025.5000 14.7625
1026.0000 14.7366
1026.5000 14.7070
1027.0000 14.7188
1027.5000 14.7478
1028.0000 14.7564
1028.5000 14.7082
1029.0000 14.7388
1029.5000 14.7339
1030.0000 14.7206
1030.5000 14.7091
1031.0000 14.7236
1031.5000 14.7026
1032.0000 14.7381
1032.5000 14.7151
1033.0000 14.7060
1033.5000 14.7221
1034.0000 14.7187
1034.5000 14.6908
1035.0000 14.7110
1035.5000 14.7085
1036.0000 14.7042
1036.5000 14.7353
1037.0000 14.7216
1037.5000 14.7341
1038.0000 14.7138
1038.5000 14.6963
1039.0000 14.7050
1039.5000 14.6993
1040.0000 14.7186
1040.5000 14.6782
1041.0000 14.7275
1041.5000 14.7114
1042.0000 14.7164
1042.5000 14.7155
1043.0000 14.7379
1043.5000 14.7416
1044.0000 14.6986
1044.5000 14.7092
1045.0000 14.7296
1045.5000 14.7080
1046.0000 14.7387
1046.5000 14.7165
1047.0000 14.7195
1047.5000 14.7314
1048.0000 14.6885
1048.5000 14.7238
1049.0000 14.7207
1049.5000 14.6928
1050.0000 14.7198
1050.5000 14.7356
1051.0000 14.7197
1051.5000 14.7402
1052.0000 14.7212
1052.5000 14.7434
1053.0000 14.7220
1053.5000 14.7249
1054.0000 14.7512
1054.5000 14.7090
1055.0000 14.7504
1055.5000 14.6916
1056.0000 14.6726
1056.5000 14.7474
1057.0000 14.7519
1057.5000 14.7096
1058.0000 14.7431
1058.5000 14.7194
1059.0000 14.7255
1059.5000 14.7321
1060.0000 14.7345
1060.5000 14.7154
1061.0000 14.6893
1061.5000 14.6846
1062.0000 14.7255
1062.5000 14.7217
1063.0000 14.7300
1063.5000 14.7451
1064.0000 14.7343
1064.5000 14.6976
1065.0000 14.7001
1065.5000 14.6950
1066.0000 14.7201
1066.5000 14.7030
1067.0000 14.7425
1067.5000 14.7248
1068.0000 14.7169
1068.5000 14.7255
1069.0000 14.6898
1069.5000 14.7271
1070.0000 14.7404
1070.5000 14.6980
1071.0000 14.7249
1071.5000 14.7422
1072.0000 14.6979
1072.5000 14.7520
1073.0000 14.7167
1073.5000 14.7181
1074.0000 14.7310
1074.5000 14.7428
1075.0000 14.7234
1075.5000 14.7547
1076.0000 14.6996
1076.5000 14.7182
1077.0000 14.7272
1077.5000 14.7227
1078.0000 14.7419
1078.5000 14.7228
1079.0000 14.7003
1079.5000 14.6870
1080.0000 14.6933
1080.5000 14.7243
1081.0000 14.7286
1081.5000 14.7146
1082.0000 14.7075
1082.5000 14.7098
1083.0000 14.7429
1083.5000 14.7217
1084.0000 14.7355
1084.5000 14.7228
1085.0000 14.7233
1085.5000 14.7370
1086.0000 14.7099
1086.5000 14.7237
1087.0000 14.7418
1087.5000 14.7439
1088.0000 14.7167
1088.5000 14.7159
1089.0000 14.7267
1089.5000 14.7270
1090.0000 14.7281
1090.5000 14.6978
1091.0000 14.7161
1091.5000 14.7305
1092.0000 14.7135
1092.5000 14.7405
1093.0000 14.7152
1093.5000 14.6782
1094.0000 14.7149
1094.5000 14.7696
1095.0000 14.6987
1095.5000 14.7208
1096.0000 14.7434
1096.5000 14.7062
1097.0000 14.7399
1097.5000 14.7094
1098.0000 14.7202
1098.5000 14.7059
1099.0000 14.7360
1099.5000 14.7010
1100.0000 14.7008
1100.5000 14.7222
1101.0000 14.7291
1101.5000 14.7126
1102.0000 14.7379
1102.5000 14.7139
1103.0000 14.7067
1103.5000 14.7224
1104.0000 14.6875
1104.5000 14.7308
1105.0000 14.7021
1105.5000 14.7112
1106.0000 14.6911
1106.5000 14.7404
1107.0000 14.7140
1107.5000 14.7254
1108.0000 14.7336
1108.5000 14.7276
1109.0000 14.7017
1109.5000 14.7191
1110.0000 14.7155
1110.5000 14.7076
1111.0000 14.7265
1111.5000 14.7216
1112.0000 14.6878
1112.5000 14.7208
1113.0000 14.6987
1113.5000 14.7005
1114.0000 14.7138
1114.5000 14.6984
1115.0000 14.6986
1115.5000 14.6974
1116.0000 14.7330
1116.5000 14.6863
1117.0000 14.7171
1117.5000 14.7242
1118.0000 14.7451
1118.5000 14.7180
1119.0000 14.7438
1119.5000 14.7565
1120.0000 14.6633
1120.5000 14.6995
1121.0000 14.7030
1121.5000 14.6889
1122.0000 14.6851
1122.5000 14.7546
1123.0000 14.7368
1123.5000 14.7056
1124.0000 14.6953
1124.5000 14.7448
1125.0000 14.7030
1125.5000 14.7358
1126.0000 14.7334
1126.5000 14.7083
1127.0000 14.7209
1127.5000 14.7316
1128.0000 14.7128
1128.5000 14.7335
1129.0000 14.7250
1129.5000 14.6784
1130.0000 14.6981
1130.5000 14.7308
1131.0000 14.7213
1131.5000 14.7428
1132.0000 14.6997
1132.5000 14.6972
1133.0000 14.7029
1133.5000 14.7292
1134.0000 14.7172
1134.5000 14.7002
1135.0000 14.7381
1135.5000 14.7100
1136.0000 14.7301
1136.5000 14.7422
1137.0000 14.6947
1137.5000 14.7421
1138.0000 14.7300
1138.5000 14.6776
1139.0000 14.7477
1139.5000 14.7523
1140.0000 14.7228
1140.5000 14.7081
1141.0000 14.7128
1141.5000 14.7204
1142.0000 14.6632
1142.5000 14.7048
1143.0000 14.7002
1143.5000 14.6908
1144.0000 14.7107
1144.5000 14.7063
1145.0000 14.7033
1145.5000 14.6926
1146.0000 14.7065
1146.5000 14.7168
1147.0000 14.7094
1147.5000 14.7055
1148.0000 14.6998
1148.5000 14.7490
1149.0000 14.6648
1149.5000 14.7165
1150.0000 14.7174
1150.5000 14.7024
1151.0000 14.7067
1151.5000 14.6984
1152.0000 14.6939
1152.5000 14.7125
1153.0000 14.6935
1153.5000 14.6886
1154.0000 14.7341
1154.5000 14.7280
1155.0000 14.7128
1155.5000 14.6921
1156.0000 14.7287
1156.5000 14.7086
1157.0000 14.7107
1157.5000 14.7224
1158.0000 14.7175
1158.5000 14.7188
1159.0000 14.6868
1159.5000 14.7004
1160.0000 14.7239
1160.5000 14.7164
1161.0000 14.7211
1161.5000 14.7149
1162.0000 14.7551
1162.5000 14.7314
1163.0000 14.6643
1163.5000 14.6980
1164.0000 14.6968
1164.5000 14.7093
1165.0000 14.7427
1165.5000 14.7133
1166.0000 14.7281
1166.5000 14.7025
1167.0000 14.7189
1167.5000 14.7006
1168.0000 14.6770
1168.5000 14.7226
1169.0000 14.7032
1169.5000 14.6941
1170.0000 14.7126
1170.5000 14.7214
1171.0000 14.6961
1171.5000 14.7390
1172.0000 14.6898
1172.5000 14.6672
1173.0000 14.6868
1173.5000 14.7306
1174.0000 14.7029
1174.5000 14.7118
1175.0000 14.7014
1175.5000 14.7330
1176.0000 14.6805
1176.5000 14.7229
1177.0000 14.7389
1177.5000 14.7251
1178.0000 14.7238
1178.5000 14.7201
1179.0000 14.7520
1179.5000 14.7088
1180.0000 14.6966
1180.5000 14.7084
1181.0000 14.7300
1181.5000 14.6748
1182.0000 14.7117
1182.5000 14.7221
1183.0000 14.7240
1183.5000 14.7089
1184.0000 14.6851
1184.5000 14.6870
1185.0000 14.7049
1185.5000 14.7198
1186.0000 14.7509
1186.5000 14.7086
1187.0000 14.6946
1187.5000 14.7023
1188.0000 14.7468
1188.5000 14.7312
1189.0000 14.7420
1189.5000 14.6826
1190.0000 14.6900
1190.5000 14.7223
1191.0000 14.7094
1191.5000 14.7063
1192.0000 14.7052
1192.5000 14.7173
1193.0000 14.7079
1193.5000 14.7031
1194.0000 14.7404
1194.5000 14.6933
1195.0000 14.7377
1195.5000 14.7340
1196.0000 14.7172
1196.5000 14.7068
1197.0000 14.7004
1197.5000 14.7262
1198.0000 14.7020
1198.5000 14.7296
1199.0000 14.7236
1199.5000 14.7248
1200.0000 14.7332
1200.5000 14.7002
1201.0000 14.7045
1201.5000 14.6882
1202.0000 14.7119
1202.5000 14.7236
1203.0000 14.7015
1203.5000 14.7140
1204.0000 14.6988
1204.5000 14.7036
1205.0000 14.6793
1205.5000 14.7261
1206.0000 14.7376
1206.5000 14.7267
1207.0000 14.7330
1207.5000 14.7091
1208.0000 14.7147
1208.5000 14.7097
1209.0000 14.7319
1209.5000 14.6980
1210.0000 14.7549
1210.5000 14.7243
1211.0000 14.7002
1211.5000 14.7219
1212.0000 14.7471
1212.5000 14.6778
1213.0000 14.6757
1213.5000 14.7101
1214.0000 14.7028
1214.5000 14.7354
1215.0000 14.7424
1215.5000 14.7097
1216.0000 14.6998
1216.5000 14.7371
1217.0000 14.6978
1217.5000 14.6993
1218.0000 14.7140
1218.5000 14.6993
1219.0000 14.7313
1219.5000 14.7220
1220.0000 14.7110
1220.5000 14.6974
1221.0000 14.7412
1221.5000 14.7520
1222.0000 14.6925
1222.5000 14.6881
1223.0000 14.6983
1223.5000 14.7079
1224.0000 14.7153
1224.5000 14.7042
1225.0000 14.6782
1225.5000 14.7024
1226.0000 14.7235
1226.5000 14.7072
1227.0000 14.7009
1227.5000 14.7179
1228.0000 14.6533
1228.5000 14.6953
1229.0000 14.7525
1229.5000 14.7250
1230.0000 14.7162
1230.5000 14.7709
1231.0000 14.7003
1231.5000 14.6862
1232.0000 14.7254
1232.5000 14.7416
1233.0000 14.7180
1233.5000 14.7128
1234.0000 14.7082
1234.5000 14.7164
1235.0000 14.7400
1235.5000 14.7302
1236.0000 14.6877
1236.5000 14.6851
1237.0000 14.7094
1237.5000 14.6945
1238.0000 14.7214
1238.5000 14.7284
1239.0000 14.6968
1239.5000 14.6558
1240.0000 14.7262
1240.5000 14.7201
1241.0000 14.7258
1241.5000 14.6908
1242.0000 14.7384
1242.5000 14.7051
1243.0000 14.7141
1243.5000 14.6981
1244.0000 14.6912
1244.5000 14.6919
1245.0000 14.7149
1245.5000 14.6929
1246.0000 14.7442
1246.5000 14.6800
1247.0000 14.7088
1247.5000 14.7176
1248.0000 14.7330
1248.5000 14.7190
1249.0000 14.7027
1249.5000 14.6847
1250.0000 14.6974
1250.5000 14.6984
1251.0000 14.6795
1251.5000 14.7052
1252.0000 14.7133
1252.5000 14.7375
1253.0000 14.6910
1253.5000 14.6507
1254.0000 14.7414
1254.5000 14.7012
1255.0000 14.7097
1255.5000 14.7067
1256.0000 14.7255
1256.5000 14.6901
1257.0000 14.6678
1257.5000 14.7396
1258.0000 14.7372
1258.5000 14.6906
1259.0000 14.7343
1259.5000 14.7133
1260.0000 14.6832
1260.5000 14.7300
1261.0000 14.6836
1261.5000 14.7402
1262.0000 14.6990
1262.5000 14.6835
1263.0000 14.7238
1263.5000 14.7397
1264.0000 14.7422
1264.5000 14.6847
1265.0000 14.7174
1265.5000 14.7207
1266.0000 14.6734
1266.5000 14.7058
1267.0000 14.6913
1267.5000 14.7027
1268.0000 14.6927
1268.5000 14.7272
1269.0000 14.7128
1269.5000 14.7081
1270.0000 14.7003
1270.5000 14.7531
1271.0000 14.7171
1271.5000 14.7302
1272.0000 14.7124
1272.5000 14.7385
1273.0000 14.6891
1273.5000 14.6806
1274.0000 14.7320
1274.5000 14.7217
1275.0000 14.7491
1275.5000 14.7221
1276.0000 14.7373
1276.5000 14.7023
1277.0000 14.7352
1277.5000 14.7164
1278.0000 14.7104
1278.5000 14.7466
1279.0000 14.6720
1279.5000 14.6767
1280.0000 14.7241
1280.5000 14.6992
1281.0000 14.7117
1281.5000 14.7385
1282.0000 14.7027
1282.5000 14.7163
1283.0000 14.6948
1283.5000 14.7082
1284.0000 14.7045
1284.5000 14.7453
1285.0000 14.6856
1285.5000 14.7129
1286.0000 14.6866
1286.5000 14.6874
1287.0000 14.7058
1287.5000 14.7150
1288.0000 14.6936
1288.5000 14.7004
1289.0000 14.7332
1289.5000 14.7224
1290.0000 14.7321
1290.5000 14.7201
1291.0000 14.7273
1291.5000 14.7153
1292.0000 14.6895
1292.5000 14.7060
1293.0000 14.6896
1293.5000 14.7001
1294.0000 14.6943
1294.5000 14.7335
1295.0000 14.6783
1295.5000 14.6907
1296.0000 14.6989
1296.5000 14.7735
1297.0000 14.7182
1297.5000 14.7222
1298.0000 14.6906
1298.5000 14.6984
1299.0000 14.6767
1299.5000 14.6967
1300.0000 14.7255
1300.5000 14.7180
1301.0000 14.7288
1301.5000 14.7074
1302.0000 14.7284
1302.5000 14.7198
1303.0000 14.7256
1303.5000 14.6876
1304.0000 14.7133
1304.5000 14.6612
1305.0000 14.6798
1305.5000 14.7161
1306.0000 14.7041
1306.5000 14.6718
1307.0000 14.7098
1307.5000 14.6961
1308.0000 14.6648
1308.5000 14.7091
1309.0000 14.6937
1309.5000 14.7361
1310.0000 14.7198
1310.5000 14.7103
1311.0000 14.6775
1311.5000 14.7123
1312.0000 14.6952
1312.5000 14.7205
1313.0000 14.7321
1313.5000 14.7349
1314.0000 14.7105
1314.5000 14.7019
1315.0000 14.7212
1315.5000 14.7029
1316.0000 14.6905
1316.5000 14.7005
1317.0000 14.7015
1317.5000 14.7281
1318.0000 14.7298
1318.5000 14.6871
1319.0000 14.7012
1319.5000 14.6869
1320.0000 14.7160
1320.5000 14.7300
1321.0000 14.7335
1321.5000 14.7094
1322.0000 14.7001
1322.5000 14.7335
1323.0000 14.7355
1323.5000 14.6777
1324.0000 14.6764
1324.5000 14.7078
1325.0000 14.6788
1325.5000 14.7207
1326.0000 14.7264
1326.5000 14.7288
1327.0000 14.6503
1327.5000 14.7160
1328.0000 14.6856
1328.5000 14.7164
1329.0000 14.7264
1329.5000 14.7037
1330.0000 14.6769
1330.5000 14.6825
1331.0000 14.6977
1331.5000 14.7223
1332.0000 14.7346
1332.5000 14.7272
1333.0000 14.6873
1333.5000 14.7155
1334.0000 14.6959
1334.5000 14.6870
1335.0000 14.7072
1335.5000 14.6717
1336.0000 14.6772
1336.5000 14.7125
1337.0000 14.7278
1337.5000 14.7154
1338.0000 14.7095
1338.5000 14.7149
1339.0000 14.7078
1339.5000 14.6819
1340.0000 14.7020
1340.5000 14.6846
1341.0000 14.7164
1341.5000 14.7012
1342.0000 14.7179
1342.5000 14.7027
1343.0000 14.6800
1343.5000 14.7406
1344.0000 14.7029
1344.5000 14.7095
1345.0000 14.7092
1345.5000 14.7225
1346.0000 14.7042
1346.5000 14.6876
1347.0000 14.7136
1347.5000 14.6492
1348.0000 14.6748
1348.5000 14.6916
1349.0000 14.7100
1349.5000 14.7383
1350.0000 14.6755
1350.5000 14.7375
1351.0000 14.7302
1351.5000 14.7146
1352.0000 14.6951
1352.5000 14.6623
1353.0000 14.6740
1353.5000 14.7014
1354.0000 14.7384
1354.5000 14.7108
1355.0000 14.6744
1355.5000 14.6850
1356.0000 14.7344
1356.5000 14.7155
1357.0000 14.6822
1357.5000 14.6936
1358.0000 14.7482
1358.5000 14.7136
1359.0000 14.6812
1359.5000 14.7087
1360.0000 14.6935
1360.5000 14.6835
1361.0000 14.7349
1361.5000 14.6588
1362.0000 14.7380
1362.5000 14.6791
1363.0000 14.7085
1363.5000 14.6833
1364.0000 14.7049
1364.5000 14.7207
1365.0000 14.7114
1365.5000 14.6808
1366.0000 14.6823
1366.5000 14.6874
1367.0000 14.7017
1367.5000 14.7002
1368.0000 14.6813
1368.5000 14.7661
1369.0000 14.7397
1369.5000 14.7344
1370.0000 14.6773
1370.5000 14.6907
1371.0000 14.7180
1371.5000 14.7128
1372.0000 14.7236
1372.5000 14.7281
1373.0000 14.7092
1373.5000 14.7116
1374.0000 14.7023
1374.5000 14.6925
1375.0000 14.6812
1375.5000 14.6998
1376.0000 14.7058
1376.5000 14.7182
1377.0000 14.6736
1377.5000 14.7211
1378.0000 14.7077
1378.5000 14.6895
1379.0000 14.7190
1379.5000 14.7351
1380.0000 14.6533
1380.5000 14.7132
1381.0000 14.6825
1381.5000 14.7014
1382.0000 14.6769
1382.5000 14.6769
1383.0000 14.7261
1383.5000 14.7039
1384.0000 14.6781
1384.5000 14.6974
1385.0000 14.7010
1385.5000 14.7024
1386.0000 14.7190
1386.5000 14.7130
1387.0000 14.7028
1387.5000 14.7034
1388.0000 14.7181
1388.5000 14.6869
1389.0000 14.6519
1389.5000 14.6948
1390.0000 14.7267
1390.5000 14.7036
1391.0000 14.6905
1391.5000 14.7082
1392.0000 14.6962
1392.5000 14.6915
1393.0000 14.7120
1393.5000 14.6798
1394.0000 14.7036
1394.5000 14.7241
1395.0000 14.7293
1395.5000 14.6989
1396.0000 14.7021
1396.5000 14.7033
1397.0000 14.6668
1397.5000 14.6759
1398.0000 14.6794
1398.5000 14.6733
1399.0000 14.7002
1399.5000 14.6931
1400.0000 14.7269
1400.5000 14.7333
1401.0000 14.7109
1401.5000 14.6987
1402.0000 14.6879
1402.5000 14.6480
1403.0000 14.7097
1403.5000 14.6670
1404.0000 14.7135
1404.5000 14.6892
1405.0000 14.7189
1405.5000 14.7246
1406.0000 14.6953
1406.5000 14.7214
1407.0000 14.7023
1407.5000 14.7276
1408.0000 14.7153
1408.5000 14.7201
1409.0000 14.6998
1409.5000 14.7052
1410.0000 14.7165
1410.5000 14.6950
1411.0000 14.7146
1411.5000 14.7058
1412.0000 14.6748
1412.5000 14.6811
1413.0000 14.7269
1413.5000 14.6573
1414.0000 14.7108
1414.5000 14.6884
1415.0000 14.7255
1415.5000 14.6911
1416.0000 14.6962
1416.5000 14.7019
1417.0000 14.7293
1417.5000 14.7075
1418.0000 14.6882
1418.5000 14.6888
1419.0000 14.7065
1419.5000 14.7034
1420.0000 14.6847
1420.5000 14.6607
1421.0000 14.6982
1421.5000 14.6986
1422.0000 14.7434
1422.5000 14.6930
1423.0000 14.6652
1423.5000 14.7114
1424.0000 14.7224
1424.5000 14.7052
1425.0000 14.6768
1425.5000 14.6965
1426.0000 14.7309
1426.5000 14.6965
1427.0000 14.7169
1427.5000 14.7035
1428.0000 14.6907
1428.5000 14.6822
1429.0000 14.7057
1429.5000 14.6769
1430.0000 14.7029
1430.5000 14.6980
1431.0000 14.6972
1431.5000 14.7212
1432.0000 14.7097
1432.5000 14.6913
1433.0000 14.7062
1433.5000 14.7521
1434.0000 14.7127
1434.5000 14.6871
1435.0000 14.6953
1435.5000 14.7428
1436.0000 14.7169
1436.5000 14.6946
1437.0000 14.6956
1437.5000 14.7045
1438.0000 14.7255
1438.5000 14.7300
1439.0000 14.6872
1439.5000 14.7429
1440.0000 14.6951
1440.5000 14.7000
1441.0000 14.7191
1441.5000 14.7009
1442.0000 14.6583
1442.5000 14.7047
1443.0000 14.7300
1443.5000 14.6758
1444.0000 14.7081
1444.5000 14.7223
1445.0000 14.6943
1445.5000 14.7124
1446.0000 14.6929
1446.5000 14.6824
1447.0000 14.6881
1447.5000 14.7019
1448.0000 14.7238
1448.5000 14.7227
1449.0000 14.7165
1449.5000 14.7331
1450.0000 14.7255
1450.5000 14.7462
1451.0000 14.7072
1451.5000 14.7066
1452.0000 14.7041
1452.5000 14.7174
1453.0000 14.7137
1453.5000 14.6921
1454.0000 14.6937
1454.5000 14.6741
1455.0000 14.7243
1455.5000 14.6783
1456.0000 14.7125
1456.5000 14.7112
1457.0000 14.6953
1457.5000 14.7410
1458.0000 14.7104
1458.5000 14.7330
1459.0000 14.6863
1459.5000 14.7052
1460.0000 14.7251
1460.5000 14.6960
1461.0000 14.6871
1461.5000 14.6914
1462.0000 14.6972
1462.5000 14.7037
1463.0000 14.7166
1463.5000 14.6838
1464.0000 14.7202
1464.5000 14.6735
1465.0000 14.7023
1465.5000 14.6947
1466.0000 14.7609
1466.5000 14.7251
1467.0000 14.6937
1467.5000 14.6833
1468.0000 14.6849
1468.5000 14.6861
1469.0000 14.7060
1469.5000 14.6500
1470.0000 14.7098
1470.5000 14.6976
1471.0000 14.7378
1471.5000 14.7218
1472.0000 14.7156
1472.5000 14.6829
1473.0000 14.6860
1473.5000 14.6928
1474.0000 14.6654
1474.5000 14.7208
1475.0000 14.6834
1475.5000 14.6930
1476.0000 14.7123
1476.5000 14.6947
1477.0000 14.7070
1477.5000 14.6782
1478.0000 14.6643
1478.5000 14.7209
1479.0000 14.6808
1479.5000 14.6977
1480.0000 14.6975
1480.5000 14.7098
1481.0000 14.6808
1481.5000 14.6611
1482.0000 14.6852
1482.5000 14.7072
1483.0000 14.6824
1483.5000 14.6741
1484.0000 14.6747
1484.5000 14.6919
1485.0000 14.6684
1485.5000 14.6718
1486.0000 14.6928
1486.5000 14.6804
1487.0000 14.7239
1487.5000 14.6986
1488.0000 14.6861
1488.5000 14.6792
1489.0000 14.6922
1489.5000 14.7146
1490.0000 14.7070
1490.5000 14.6858
1491.0000 14.6660
1491.5000 14.6855
1492.0000 14.7199
1492.5000 14.6943
1493.0000 14.6644
1493.5000 14.6878
1494.0000 14.7083
1494.5000 14.7165
1495.0000 14.7206
1495.5000 14.7175
1496.0000 14.7184
1496.5000 14.6762
1497.0000 14.6983
1497.5000 14.7013
1498.0000 14.6900
1498.5000 14.6960
1499.0000 14.6916
1499.5000 14.7227
1500.0000 14.7213
