0.5000 8.6370
1.0000 9.6574
1.5000 10.2095
2.0000 10.6535
2.5000 10.9298
3.0000 11.1970
3.5000 11.4138
4.0000 11.5576
4.5000 11.7395
5.0000 11.8806
5.5000 12.0106
6.0000 12.1014
6.5000 12.2378
7.0000 12.3563
7.5000 12.3731
8.0000 12.5292
8.5000 12.5665
9.0000 12.6048
9.5000 12.7247
10.0000 12.7720
10.5000 12.8323
11.0000 12.8536
11.5000 12.9198
12.0000 12.9961
12.5000 13.0153
13.0000 13.0591
13.5000 13.1249
14.0000 13.1630
14.5000 13.1987
15.0000 13.2377
15.5000 13.2866
16.0000 13.3299
16.5000 13.3485
17.0000 13.4022
17.5000 13.3795
18.0000 13.4340
18.5000 13.4548
19.0000 13.5076
19.5000 13.4775
20.0000 13.5071
20.5000 13.5692
21.0000 13.5630
21.5000 13.6318
22.0000 13.6370
22.5000 13.6570
23.0000 13.6739
23.5000 13.7393
24.0000 13.7132
24.5000 13.7350
25.0000 13.7791
25.5000 13.7518
26.0000 13.7849
26.5000 13.7773
27.0000 13.8287
27.5000 13.8540
28.0000 13.8439
28.5000 13.8777
29.0000 13.8949
29.5000 13.8928
30.0000 13.8892
30.5000 13.9360
31.0000 13.9539
31.5000 13.9475
32.0000 14.0114
32.5000 13.9938
33.0000 13.9936
33.5000 13.9974
34.0000 14.0018
34.5000 14.0044
35.0000 14.0598
35.5000 14.0284
36.0000 14.0619
36.5000 14.0896
37.0000 14.0568
37.5000 14.1095
38.0000 14.1219
38.5000 14.1113
39.0000 14.1246
39.5000 14.1203
40.0000 14.1250
40.5000 14.1538
41.0000 14.1253
41.5000 14.1619
42.0000 14.1947
42.5000 14.1686
43.0000 14.1648
43.5000 14.1892
44.0000 14.1965
44.5000 14.2109
45.0000 14.1934
45.5000 14.2009
46.0000 14.2501
46.5000 14.2248
47.0000 14.2572
47.5000 14.2312
48.0000 14.2587
48.5000 14.1834
49.0000 14.2235
49.5000 14.2723
50.0000 14.2426
50.5000 14.3105
51.0000 14.2900
51.5000 14.2811
52.0000 14.2783
52.5000 14.3208
53.0000 14.3154
53.5000 14.3020
54.0000 14.3096
54.5000 14.3197
55.0000 14.3069
55.5000 14.3168
56.0000 14.3234
56.5000 14.2777
57.0000 14.3334
57.5000 14.3189
58.0000 14.3226
58.5000 14.3640
59.0000 14.3525
59.5000 14.3502
60.0000 14.3750
60.5000 14.3343
61.0000 14.3407
61.5000 14.3655
62.0000 14.3160
62.5000 14.3843
63.0000 14.3674
63.5000 14.4021
64.0000 14.3969
64.5000 14.3818
65.0000 14.3944
65.5000 14.3744
66.0000 14.4217
66.5000 14.3784
67.0000 14.3805
67.5000 14.3662
68.0000 14.4048
68.5000 14.4143
69.0000 14.4246
69.5000 14.4206
70.0000 14.3698
70.5000 14.4144
71.0000 14.4099
71.5000 14.3921
72.0000 14.4076
72.5000 14.4256
73.0000 14.4006
73.5000 14.4378
74.0000 14.4010
74.5000 14.4017
75.0000 14.4132
75.5000 14.4135
76.0000 14.4059
76.5000 14.4298
77.0000 14.4543
77.5000 14.4649
78.0000 14.4114
78.5000 14.4333
79.0000 14.4138
79.5000 14.4223
80.0000 14.4615
80.5000 14.4411
81.0000 14.4338
81.5000 14.4348
82.0000 14.4034
82.5000 14.4159
83.0000 14.4427
83.5000 14.4493
84.0000 14.4831
84.5000 14.4429
85.0000 14.4369
85.5000 14.4336
86.0000 14.4574
86.5000 14.4145
87.0000 14.4228
87.5000 14.4368
88.0000 14.4615
88.5000 14.4142
89.0000 14.4517
89.5000 14.4365
90.0000 14.4246
90.5000 14.4402
91.0000 14.4690
91.5000 14.4250
92.0000 14.4398
92.5000 14.4627
93.0000 14.4910
93.5000 14.4696
94.0000 14.4509
94.5000 14.4724
95.0000 14.4497
95.5000 14.4583
96.0000 14.4706
96.5000 14.4626
97.0000 14.4184
97.5000 14.4701
98.0000 14.4525
98.5000 14.4548
99.0000 14.4511
99.5000 14.4393
100.0000 14.4902
100.5000 14.4748
101.0000 14.4884
101.5000 14.4476
102.0000 14.4461
102.5000 14.4232
103.0000 14.4542
103.5000 14.4689
104.0000 14.4525
104.5000 14.4469
105.0000 14.4560
105.5000 14.4514
106.0000 14.4302
106.5000 14.4453
107.0000 14.4835
107.5000 14.4655
108.0000 14.4286
108.5000 14.4275
109.0000 14.4546
109.5000 14.4414
110.0000 14.4473
110.5000 14.4622
111.0000 14.4431
111.5000 14.4592
112.0000 14.4221
112.5000 14.4648
113.0000 14.4360
113.5000 14.4310
114.0000 14.4299
114.5000 14.4608
115.0000 14.4249
115.5000 14.4819
116.0000 14.4309
116.5000 14.4239
117.0000 14.4449
117.5000 14.4601
118.0000 14.4263
118.5000 14.4336
119.0000 14.4721
119.5000 14.4173
120.0000 14.4233
120.5000 14.4378
121.0000 14.4482
121.5000 14.4305
122.0000 14.4592
122.5000 14.4155
123.0000 14.4397
123.5000 14.4200
124.0000 14.4648
124.5000 14.4291
125.0000 14.4319
125.5000 14.3902
126.0000 14.4411
126.5000 14.4158
127.0000 14.4139
127.5000 14.4238
128.0000 14.4240
128.5000 14.4751
129.0000 14.3944
129.5000 14.4454
130.0000 14.4138
130.5000 14.4421
131.0000 14.4319
131.5000 14.4165
132.0000 14.4571
132.5000 14.4462
133.0000 14.4041
133.5000 14.3972
134.0000 14.3898
134.5000 14.4325
135.0000 14.4306
135.5000 14.4266
136.0000 14.4199
136.5000 14.3874
137.0000 14.3717
137.5000 14.4072
138.0000 14.3921
138.5000 14.4169
139.0000 14.3677
139.5000 14.4036
140.0000 14.4172
140.5000 14.4219
141.0000 14.3693
141.5000 14.3631
142.0000 14.3861
142.5000 14.4077
143.0000 14.3786
143.5000 14.4247
144.0000 14.3903
144.5000 14.3804
145.0000 14.3844
145.5000 14.4100
146.0000 14.4074
146.5000 14.4214
147.0000 14.3948
147.5000 14.3951
148.0000 14.3952
148.5000 14.3974
149.0000 14.4268
149.5000 14.3898
150.0000 14.4008
150.5000 14.4074
151.0000 14.3996
151.5000 14.3789
152.0000 14.3680
152.5000 14.4041
153.0000 14.3855
153.5000 14.3642
154.0000 14.3784
154.5000 14.3920
155.0000 14.3785
155.5000 14.3463
156.0000 14.3772
156.5000 14.3710
157.0000 14.3902
157.5000 14.3973
158.0000 14.3712
158.5000 14.3133
159.0000 14.3500
159.5000 14.3601
160.0000 14.3216
160.5000 14.3557
161.0000 14.4028
161.5000 14.3522
162.0000 14.3276
162.5000 14.4087
163.0000 14.3793
163.5000 14.3688
164.0000 14.3527
164.5000 14.3662
165.0000 14.3526
165.5000 14.3607
166.0000 14.3358
166.5000 14.3788
167.0000 14.3299
167.5000 14.3569
168.0000 14.3509
168.5000 14.3386
169.0000 14.3416
169.5000 14.3326
170.0000 14.3594
170.5000 14.3336
171.0000 14.3256
171.5000 14.3326
172.0000 14.3571
172.5000 14.3391
173.0000 14.3520
173.5000 14.3592
174.0000 14.3573
174.5000 14.3453
175.0000 14.3409
175.5000 14.3450
176.0000 14.3099
176.5000 14.3063
177.0000 14.3538
177.5000 14.3351
178.0000 14.3354
178.5000 14.3366
179.0000 14.3437
179.5000 14.3086
180.0000 14.3076
180.5000 14.3465
181.0000 14.2882
181.5000 14.3299
182.0000 14.3409
182.5000 14.3041
183.0000 14.3004
183.5000 14.3401
184.0000 14.3250
184.5000 14.3288
185.0000 14.3297
185.5000 14.3036
186.0000 14.3338
186.5000 14.2711
187.0000 14.3429
187.5000 14.3122
188.0000 14.3198
188.5000 14.3317
189.0000 14.3277
189.5000 14.3307
190.0000 14.2859
190.5000 14.3144
191.0000 14.2829
191.5000 14.2958
192.0000 14.3129
192.5000 14.3202
193.0000 14.3137
193.5000 14.2905
194.0000 14.3161
194.5000 14.2634
195.0000 14.2597
195.5000 14.2601
196.0000 14.3200
196.5000 14.2729
197.0000 14.3373
197.5000 14.3019
198.0000 14.3131
198.5000 14.2815
199.0000 14.2561
199.5000 14.3048
200.0000 14.2708
200.5000 14.2528
201.0000 14.2471
201.5000 14.3067
202.0000 14.2563
202.5000 14.2731
203.0000 14.2628
203.5000 14.2954
204.0000 14.2597
204.5000 14.2577
205.0000 14.2619
205.5000 14.3028
206.0000 14.2714
206.5000 14.2689
207.0000 14.2908
207.5000 14.2864
208.0000 14.3001
208.5000 14.2912
209.0000 14.2383
209.5000 14.2883
210.0000 14.2496
210.5000 14.2620
211.0000 14.2348
211.5000 14.2922
212.0000 14.2454
212.5000 14.2947
213.0000 14.2319
213.5000 14.2577
214.0000 14.2985
214.5000 14.2536
215.0000 14.2467
215.5000 14.2555
216.0000 14.2646
216.5000 14.2273
217.0000 14.2262
217.5000 14.2539
218.0000 14.2408
218.5000 14.2073
219.0000 14.2481
219.5000 14.1954
220.0000 14.2100
220.5000 14.2308
221.0000 14.2539
221.5000 14.2485
222.0000 14.2269
222.5000 14.2034
223.0000 14.2237
223.5000 14.2402
224.0000 14.2528
224.5000 14.2554
225.0000 14.2048
225.5000 14.2367
226.0000 14.2394
226.5000 14.2423
227.0000 14.2258
227.5000 14.2078
228.0000 14.1960
228.5000 14.1874
229.0000 14.2142
229.5000 14.2178
230.0000 14.1854
230.5000 14.1550
231.0000 14.2150
231.5000 14.2141
232.0000 14.2264
232.5000 14.1974
233.0000 14.2265
233.5000 14.2049
234.0000 14.2226
234.5000 14.2023
235.0000 14.2069
235.5000 14.2110
236.0000 14.1602
236.5000 14.1941
237.0000 14.1689
237.5000 14.1858
238.0000 14.1260
238.5000 14.1885
239.0000 14.1664
239.5000 14.1886
240.0000 14.1788
240.5000 14.2037
241.0000 14.1916
241.5000 14.1816
242.0000 14.2120
242.5000 14.1999
243.0000 14.1852
243.5000 14.1699
244.0000 14.2030
244.5000 14.1734
245.0000 14.1756
245.5000 14.1846
246.0000 14.1909
246.5000 14.1896
247.0000 14.1771
247.5000 14.1553
248.0000 14.2044
248.5000 14.1590
249.0000 14.1360
249.5000 14.1483
250.0000 14.1315
250.5000 14.1871
251.0000 14.1595
251.5000 14.1699
252.0000 14.1516
252.5000 14.1533
253.0000 14.1697
253.5000 14.1544
254.0000 14.1663
254.5000 14.1756
255.0000 14.1871
255.5000 14.1640
256.0000 14.1315
256.5000 14.1732
257.0000 14.1151
257.5000 14.1560
258.0000 14.1383
258.5000 14.0995
259.0000 14.1509
259.5000 14.1468
260.0000 14.1409
260.5000 14.1359
261.0000 14.1756
261.5000 14.1351
262.0000 14.1561
262.5000 14.1280
263.0000 14.1499
263.5000 14.1340
264.0000 14.1667
264.5000 14.1300
265.0000 14.1455
265.5000 14.1013
266.0000 14.1441
266.5000 14.1165
267.0000 14.1267
267.5000 14.1056
268.0000 14.1341
268.5000 14.1125
269.0000 14.0988
269.5000 14.1168
270.0000 14.1164
270.5000 14.1095
271.0000 14.0963
271.5000 14.1118
272.0000 14.1214
272.5000 14.1040
273.0000 14.0912
273.5000 14.1104
274.0000 14.0951
274.5000 14.1094
275.0000 14.0922
275.5000 14.0862
276.0000 14.0866
276.5000 14.1176
277.0000 14.1105
277.5000 14.1196
278.0000 14.1419
278.5000 14.0996
279.0000 14.0886
279.5000 14.1372
280.0000 14.1180
280.5000 14.0935
281.0000 14.0814
281.5000 14.0752
282.0000 14.1388
282.5000 14.0407
283.0000 14.0698
283.5000 14.0969
284.0000 14.0662
284.5000 14.0743
285.0000 14.0934
285.5000 14.0882
286.0000 14.0447
286.5000 14.0991
287.0000 14.0672
287.5000 14.0820
288.0000 14.0369
288.5000 14.1015
289.0000 14.0678
289.5000 14.0713
290.0000 14.0962
290.5000 14.0687
291.0000 14.0671
291.5000 14.0671
292.0000 14.0775
292.5000 14.0802
293.0000 14.0588
293.5000 14.0686
294.0000 14.0462
294.5000 14.0757
295.0000 14.0529
295.5000 14.0463
296.0000 14.0677
296.5000 14.0700
297.0000 14.0270
297.5000 14.0307
298.0000 14.0609
298.5000 14.0961
299.0000 14.0484
299.5000 14.0507
300.0000 14.0217
300.5000 14.0240
301.0000 14.0523
301.5000 14.0434
302.0000 14.0552
302.5000 14.0413
303.0000 14.0617
303.5000 14.0472
304.0000 14.0629
304.5000 14.0643
305.0000 14.0482
305.5000 14.0485
306.0000 14.0078
306.5000 14.0335
307.0000 14.0450
307.5000 14.0329
308.0000 14.0236
308.5000 14.0843
309.0000 14.0243
309.5000 14.0401
310.0000 14.0312
310.5000 14.0382
311.0000 14.0359
311.5000 14.0114
312.0000 14.0506
312.5000 14.0013
313.0000 14.0333
313.5000 14.0069
314.0000 14.0091
314.5000 13.9991
315.0000 14.0123
315.5000 13.9757
316.0000 14.0116
316.5000 13.9800
317.0000 13.9993
317.5000 14.0085
318.0000 13.9912
318.5000 13.9721
319.0000 14.0274
319.5000 13.9974
320.0000 13.9737
320.5000 14.0003
321.0000 14.0140
321.5000 13.9655
322.0000 13.9977
322.5000 14.0068
323.0000 13.9667
323.5000 13.9718
324.0000 13.9655
324.5000 13.9916
325.0000 13.9795
325.5000 14.0168
326.0000 13.9623
326.5000 13.9789
327.0000 13.9784
327.5000 14.0171
328.0000 13.9938
328.5000 13.9653
329.0000 13.9740
329.5000 13.9730
330.0000 13.9603
330.5000 13.9735
331.0000 13.9660
331.5000 13.9433
332.0000 13.9677
332.5000 13.9728
333.0000 13.9802
333.5000 13.9526
334.0000 13.9507
334.5000 13.9603
335.0000 13.9888
335.5000 13.9539
336.0000 13.9469
336.5000 13.9456
337.0000 13.9472
337.5000 13.9674
338.0000 13.9641
338.5000 13.9282
339.0000 13.9754
339.5000 13.9462
340.0000 13.9746
340.5000 13.9669
341.0000 13.9531
341.5000 13.9641
342.0000 13.9414
342.5000 13.9134
343.0000 13.9395
343.5000 13.9598
344.0000 13.9262
344.5000 13.9331
345.0000 13.9645
345.5000 13.9434
346.0000 13.8906
346.5000 13.9342
347.0000 13.8856
347.5000 13.9230
348.0000 13.9390
348.5000 13.9543
349.0000 13.9257
349.5000 13.9138
350.0000 13.9148
350.5000 13.9347
351.0000 13.9363
351.5000 13.9355
352.0000 13.9382
352.5000 13.9302
353.0000 13.9275
353.5000 13.9369
354.0000 13.9617
354.5000 13.9383
355.0000 13.9383
355.5000 13.9351
356.0000 13.9002
356.5000 13.8995
357.0000 13.9518
357.5000 13.9037
358.0000 13.8982
358.5000 13.9283
359.0000 13.9064
359.5000 13.9024
360.0000 13.8842
360.5000 13.9130
361.0000 13.8768
361.5000 13.8861
362.0000 13.9276
362.5000 13.8923
363.0000 13.8992
363.5000 13.9090
364.0000 13.8899
364.5000 13.9481
365.0000 13.8682
365.5000 13.9291
366.0000 13.8813
366.5000 13.8873
367.0000 13.9063
367.5000 13.8706
368.0000 13.8822
368.5000 13.8554
369.0000 13.8907
369.5000 13.8533
370.0000 13.8967
370.5000 13.9009
371.0000 13.8865
371.5000 13.8583
372.0000 13.8737
372.5000 13.8383
373.0000 13.8746
373.5000 13.8575
374.0000 13.8840
374.5000 13.8115
375.0000 13.8665
375.5000 13.8250
376.0000 13.8629
376.5000 13.8711
377.0000 13.8402
377.5000 13.8611
378.0000 13.8469
378.5000 13.8528
379.0000 13.8567
379.5000 13.8591
380.0000 13.8191
380.5000 13.8401
381.0000 13.8644
381.5000 13.8576
382.0000 13.8431
382.5000 13.8497
383.0000 13.8774
383.5000 13.8721
384.0000 13.8605
384.5000 13.8462
385.0000 13.8491
385.5000 13.8089
386.0000 13.8265
386.5000 13.8395
387.0000 13.8378
387.5000 13.8123
388.0000 13.7993
388.5000 13.8306
389.0000 13.8249
389.5000 13.8226
390.0000 13.8636
390.5000 13.8160
391.0000 13.8220
391.5000 13.8302
392.0000 13.8047
392.5000 13.8224
393.0000 13.8055
393.5000 13.8251
394.0000 13.7880
394.5000 13.8210
395.0000 13.7715
395.5000 13.8472
396.0000 13.8341
396.5000 13.7802
397.0000 13.7942
397.5000 13.8109
398.0000 13.7900
398.5000 13.7915
399.0000 13.8206
399.5000 13.8246
400.0000 13.8132
400.5000 13.7751
401.0000 13.8488
401.5000 13.8246
402.0000 13.7859
402.5000 13.7901
403.0000 13.8428
403.5000 13.8163
404.0000 13.7860
404.5000 13.7698
405.0000 13.7764
405.5000 13.7856
406.0000 13.8048
406.5000 13.8003
407.0000 13.8149
407.5000 13.8024
408.0000 13.8234
408.5000 13.8167
409.0000 13.7935
409.5000 13.8282
410.0000 13.7751
410.5000 13.7737
411.0000 13.7844
411.5000 13.8228
412.0000 13.7855
412.5000 13.7968
413.0000 13.7766
413.5000 13.7554
414.0000 13.7596
414.5000 13.7650
415.0000 13.7574
415.5000 13.7791
416.0000 13.7493
416.5000 13.7666
417.0000 13.7569
417.5000 13.8056
418.0000 13.7815
418.5000 13.7447
419.0000 13.7573
419.5000 13.7726
420.0000 13.7579
420.5000 13.7384
421.0000 13.7675
421.5000 13.7821
422.0000 13.7430
422.5000 13.7578
423.0000 13.7482
423.5000 13.7802
424.0000 13.7572
424.5000 13.7593
425.0000 13.7648
425.5000 13.7744
426.0000 13.7527
426.5000 13.7741
427.0000 13.7093
427.5000 13.7152
428.0000 13.7573
428.5000 13.7465
429.0000 13.7361
429.5000 13.7238
430.0000 13.7408
430.5000 13.7291
431.0000 13.7202
431.5000 13.7332
432.0000 13.7377
432.5000 13.7510
433.0000 13.7076
433.5000 13.7190
434.0000 13.7150
434.5000 13.7414
435.0000 13.7443
435.5000 13.7485
436.0000 13.7195
436.5000 13.7348
437.0000 13.6942
437.5000 13.7282
438.0000 13.6703
438.5000 13.7488
439.0000 13.7342
439.5000 13.7535
440.0000 13.6815
440.5000 13.6536
441.0000 13.7010
441.5000 13.7077
442.0000 13.7292
442.5000 13.7078
443.0000 13.7113
443.5000 13.7125
444.0000 13.7144
444.5000 13.7021
445.0000 13.6866
445.5000 13.7069
446.0000 13.6543
446.5000 13.7172
447.0000 13.6940
447.5000 13.6848
448.0000 13.6809
448.5000 13.7115
449.0000 13.6961
449.5000 13.6920
450.0000 13.6958
450.5000 13.6961
451.0000 13.6702
451.5000 13.6923
452.0000 13.7040
452.5000 13.6849
453.0000 13.6813
453.5000 13.7077
454.0000 13.6896
454.5000 13.6582
455.0000 13.6616
455.5000 13.6671
456.0000 13.6901
456.5000 13.6881
457.0000 13.6669
457.5000 13.6699
458.0000 13.7150
458.5000 13.6359
459.0000 13.6864
459.5000 13.6768
460.0000 13.6443
460.5000 13.6836
461.0000 13.6869
461.5000 13.6546
462.0000 13.6291
462.5000 13.6806
463.0000 13.7009
463.5000 13.6424
464.0000 13.6181
464.5000 13.6559
465.0000 13.6838
465.5000 13.6259
466.0000 13.6336
466.5000 13.6648
467.0000 13.6287
467.5000 13.6677
468.0000 13.7175
468.5000 13.6136
469.0000 13.6654
469.5000 13.6289
470.0000 13.6515
470.5000 13.6360
471.0000 13.6242
471.5000 13.6362
472.0000 13.6310
472.5000 13.6685
473.0000 13.6532
473.5000 13.6572
474.0000 13.6461
474.5000 13.6483
475.0000 13.6264
475.5000 13.6396
476.0000 13.6329
476.5000 13.6495
477.0000 13.6368
477.5000 13.6055
478.0000 13.6311
478.5000 13.6246
479.0000 13.6178
479.5000 13.6164
480.0000 13.6187
480.5000 13.6129
481.0000 13.6389
481.5000 13.6201
482.0000 13.5936
482.5000 13.6124
483.0000 13.6180
483.5000 13.6536
484.0000 13.5914
484.5000 13.5860
485.0000 13.5884
485.5000 13.6157
486.0000 13.5817
486.5000 13.5806
487.0000 13.6018
487.5000 13.5769
488.0000 13.6131
488.5000 13.5747
489.0000 13.5949
489.5000 13.6336
490.0000 13.5872
490.5000 13.5841
491.0000 13.5699
491.5000 13.5839
492.0000 13.5994
492.5000 13.5779
493.0000 13.5180
493.5000 13.5399
494.0000 13.5873
494.5000 13.6205
495.0000 13.5775
495.5000 13.5810
496.0000 13.5651
496.5000 13.5899
497.0000 13.5829
497.5000 13.5924
498.0000 13.5604
498.5000 13.5411
499.0000 13.5908
499.5000 13.5378
500.0000 13.5438
500.5000 13.5748
501.0000 13.5444
501.5000 13.5904
502.0000 13.5900
502.5000 13.5537
503.0000 13.5810
503.5000 13.5633
504.0000 13.5165
504.5000 13.5667
505.0000 13.5575
505.5000 13.5577
506.0000 13.5618
506.5000 13.5679
507.0000 13.5400
507.5000 13.5638
508.0000 13.5592
508.5000 13.5635
509.0000 13.5828
509.5000 13.5323
510.0000 13.5603
510.5000 13.5600
511.0000 13.5406
511.5000 13.5313
512.0000 13.5288
512.5000 13.5392
513.0000 13.5270
513.5000 13.4957
514.0000 13.5366
514.5000 13.5617
515.0000 13.5042
515.5000 13.4458
516.0000 13.5630
516.5000 13.5265
517.0000 13.5170
517.5000 13.5267
518.0000 13.4928
518.5000 13.5350
519.0000 13.5083
519.5000 13.4819
520.0000 13.5386
520.5000 13.5424
521.0000 13.5348
521.5000 13.5261
522.0000 13.4826
522.5000 13.5077
523.0000 13.4758
523.5000 13.5264
524.0000 13.5178
524.5000 13.5335
525.0000 13.5236
525.5000 13.4708
526.0000 13.4851
526.5000 13.5182
527.0000 13.5008
527.5000 13.4691
528.0000 13.4998
528.5000 13.4967
529.0000 13.4698
529.5000 13.5072
530.0000 13.5028
530.5000 13.5230
531.0000 13.4785
531.5000 13.4901
532.0000 13.4539
532.5000 13.4967
533.0000 13.4544
533.5000 13.4932
534.0000 13.4789
534.5000 13.4718
535.0000 13.5007
535.5000 13.4856
536.0000 13.5072
536.5000 13.5177
537.0000 13.4936
537.5000 13.4395
538.0000 13.4656
538.5000 13.4721
539.0000 13.4664
539.5000 13.4463
540.0000 13.4597
540.5000 13.4622
541.0000 13.4625
541.5000 13.4401
542.0000 13.5038
542.5000 13.4478
543.0000 13.4796
543.5000 13.4545
544.0000 13.4587
544.5000 13.4566
545.0000 13.4581
545.5000 13.4658
546.0000 13.4413
546.5000 13.4637
547.0000 13.4310
547.5000 13.4454
548.0000 13.4785
548.5000 13.4551
549.0000 13.4582
549.5000 13.4885
550.0000 13.4039
550.5000 13.4528
551.0000 13.4224
551.5000 13.4384
552.0000 13.4554
552.5000 13.4506
553.0000 13.4432
553.5000 13.4342
554.0000 13.4211
554.5000 13.4352
555.0000 13.4528
555.5000 13.4496
556.0000 13.4473
556.5000 13.4094
557.0000 13.4688
557.5000 13.4277
558.0000 13.4327
558.5000 13.4325
559.0000 13.4509
559.5000 13.4134
560.0000 13.4224
560.5000 13.4011
561.0000 13.4511
561.5000 13.4049
562.0000 13.4054
562.5000 13.4495
563.0000 13.4205
563.5000 13.4261
564.0000 13.4513
564.5000 13.4090
565.0000 13.4092
565.5000 13.3886
566.0000 13.4336
566.5000 13.3803
567.0000 13.3782
567.5000 13.3974
568.0000 13.3981
568.5000 13.4033
569.0000 13.4154
569.5000 13.4176
570.0000 13.4001
570.5000 13.3769
571.0000 13.3972
571.5000 13.4195
572.0000 13.3750
572.5000 13.4276
573.0000 13.3893
573.5000 13.3941
574.0000 13.3815
574.5000 13.3656
575.0000 13.3885
575.5000 13.3996
576.0000 13.4019
576.5000 13.4015
577.0000 13.3504
577.5000 13.4069
578.0000 13.3751
578.5000 13.4116
579.0000 13.3694
579.5000 13.3963
580.0000 13.3623
580.5000 13.3821
581.0000 13.3507
581.5000 13.3807
582.0000 13.3944
582.5000 13.4093
583.0000 13.3573
583.5000 13.3681
584.0000 13.3714
584.5000 13.3685
585.0000 13.3832
585.5000 13.3757
586.0000 13.3370
586.5000 13.3648
587.0000 13.3703
587.5000 13.3886
588.0000 13.3662
588.5000 13.3840
589.0000 13.3363
589.5000 13.3393
590.0000 13.3551
590.5000 13.3425
591.0000 13.3324
591.5000 13.3691
592.0000 13.3704
592.5000 13.3129
593.0000 13.3432
593.5000 13.3123
594.0000 13.3690
594.5000 13.3338
595.0000 13.3506
595.5000 13.3313
596.0000 13.3187
596.5000 13.3132
597.0000 13.3566
597.5000 13.3801
598.0000 13.2728
598.5000 13.3292
599.0000 13.3315
599.5000 13.3135
600.0000 13.3469
600.5000 13.3039
601.0000 13.3393
601.5000 13.3393
602.0000 13.3042
602.5000 13.3246
603.0000 13.2927
603.5000 13.2888
604.0000 13.3073
604.5000 13.3042
605.0000 13.3140
605.5000 13.3156
606.0000 13.3199
606.5000 13.3149
607.0000 13.3279
607.5000 13.3284
608.0000 13.3058
608.5000 13.3132
609.0000 13.3206
609.5000 13.3007
610.0000 13.3399
610.5000 13.3249
611.0000 13.2722
611.5000 13.2976
612.0000 13.2937
612.5000 13.2931
613.0000 13.2986
613.5000 13.2900
614.0000 13.2937
614.5000 13.2833
615.0000 13.2897
615.5000 13.3068
616.0000 13.2915
616.5000 13.2778
617.0000 13.2407
617.5000 13.2885
618.0000 13.3270
618.5000 13.3054
619.0000 13.2557
619.5000 13.2672
620.0000 13.2891
620.5000 13.2946
621.0000 13.2736
621.5000 13.2519
622.0000 13.2489
622.5000 13.2414
623.0000 13.2580
623.5000 13.2699
624.0000 13.3091
624.5000 13.3043
625.0000 13.2687
625.5000 13.2904
626.0000 13.2862
626.5000 13.2494
627.0000 13.2921
627.5000 13.2594
628.0000 13.2734
628.5000 13.2279
629.0000 13.2484
629.5000 13.2374
630.0000 13.2358
630.5000 13.1962
631.0000 13.2808
631.5000 13.2262
632.0000 13.2570
632.5000 13.2374
633.0000 13.2475
633.5000 13.2119
634.0000 13.2619
634.5000 13.2294
635.0000 13.2385
635.5000 13.2339
636.0000 13.2237
636.5000 13.2384
637.0000 13.2291
637.5000 13.2186
638.0000 13.2367
638.5000 13.2248
639.0000 13.2471
639.5000 13.2125
640.0000 13.2744
640.5000 13.2127
641.0000 13.2337
641.5000 13.2508
642.0000 13.2063
642.5000 13.2293
643.0000 13.2176
643.5000 13.1989
644.0000 13.2405
644.5000 13.2238
645.0000 13.2358
645.5000 13.2257
646.0000 13.2672
646.5000 13.2236
647.0000 13.2209
647.5000 13.2163
648.0000 13.2216
648.5000 13.2565
649.0000 13.2132
649.5000 13.2605
650.0000 13.1953
650.5000 13.2030
651.0000 13.2283
651.5000 13.2334
652.0000 13.2103
652.5000 13.2129
653.0000 13.2226
653.5000 13.2262
654.0000 13.2047
654.5000 13.1841
655.0000 13.1834
655.5000 13.2042
656.0000 13.1915
656.5000 13.1995
657.0000 13.2233
657.5000 13.1973
658.0000 13.1726
658.5000 13.1560
659.0000 13.1786
659.5000 13.1693
660.0000 13.1946
660.5000 13.1613
661.0000 13.1574
661.5000 13.2025
662.0000 13.1598
662.5000 13.1849
663.0000 13.1736
663.5000 13.1996
664.0000 13.1666
664.5000 13.1612
665.0000 13.1421
665.5000 13.1795
666.0000 13.1685
666.5000 13.1079
667.0000 13.1805
667.5000 13.1774
668.0000 13.1654
668.5000 13.1533
669.0000 13.1700
669.5000 13.1823
670.0000 13.1970
670.5000 13.1580
671.0000 13.2102
671.5000 13.1416
672.0000 13.1605
672.5000 13.1620
673.0000 13.1631
673.5000 13.1511
674.0000 13.1749
674.5000 13.1566
675.0000 13.1347
675.5000 13.1451
676.0000 13.1242
676.5000 13.1060
677.0000 13.1432
677.5000 13.1532
678.0000 13.1739
678.5000 13.1153
679.0000 13.1818
679.5000 13.0977
680.0000 13.1440
680.5000 13.1563
681.0000 13.1550
681.5000 13.1363
682.0000 13.1368
682.5000 13.0899
683.0000 13.1341
683.5000 13.1179
684.0000 13.1485
684.5000 13.1146
685.0000 13.1163
685.5000 13.1203
686.0000 13.1025
686.5000 13.1444
687.0000 13.1266
687.5000 13.1019
688.0000 13.1214
688.5000 13.1267
689.0000 13.0758
689.5000 13.0959
690.0000 13.1046
690.5000 13.1050
691.0000 13.1002
691.5000 13.0968
692.0000 13.0781
692.5000 13.1172
693.0000 13.1081
693.5000 13.1145
694.0000 13.1229
694.5000 13.0979
695.0000 13.0837
695.5000 13.0903
696.0000 13.0745
696.5000 13.0638
697.0000 13.1088
697.5000 13.0768
698.0000 13.0805
698.5000 13.1350
699.0000 13.0675
699.5000 13.1121
700.0000 13.0585
700.5000 13.0645
701.0000 13.0784
701.5000 13.0915
702.0000 13.0857
702.5000 13.0719
703.0000 13.0874
703.5000 13.0939
704.0000 13.1160
704.5000 13.0840
705.0000 13.0834
705.5000 13.0878
706.0000 13.0313
706.5000 13.0775
707.0000 13.0548
707.5000 13.0765
708.0000 13.0577
708.5000 13.0039
709.0000 13.0276
709.5000 13.0639
710.0000 13.0422
710.5000 13.0787
711.0000 13.0834
711.5000 13.0581
712.0000 13.0360
712.5000 13.1134
713.0000 13.0409
713.5000 13.0712
714.0000 13.0754
714.5000 13.0526
715.0000 13.0587
715.5000 13.0438
716.0000 13.0356
716.5000 13.0610
717.0000 13.0304
717.5000 13.0483
718.0000 13.0438
718.5000 13.0288
719.0000 13.0447
719.5000 13.0210
720.0000 13.0193
720.5000 13.0441
721.0000 13.0788
721.5000 12.9819
722.0000 13.0608
722.5000 13.0019
723.0000 13.0099
723.5000 13.0082
724.0000 13.0593
724.5000 13.0704
725.0000 12.9929
725.5000 13.0240
726.0000 13.0027
726.5000 13.0005
727.0000 13.0187
727.5000 13.0487
728.0000 13.0631
728.5000 13.0108
729.0000 12.9943
729.5000 13.0262
730.0000 13.0238
730.5000 12.9960
731.0000 12.9979
731.5000 12.9932
732.0000 12.9667
732.5000 12.9842
733.0000 12.9780
733.5000 12.9890
734.0000 13.0057
734.5000 13.0114
735.0000 13.0181
735.5000 12.9956
736.0000 12.9824
736.5000 12.9650
737.0000 13.0087
737.5000 12.9868
738.0000 13.0248
738.5000 12.9771
739.0000 12.9893
739.5000 13.0030
740.0000 12.9957
740.5000 12.9995
741.0000 13.0049
741.5000 12.9963
742.0000 12.9848
742.5000 13.0106
743.0000 12.9927
743.5000 12.9858
744.0000 12.9750
744.5000 12.9955
745.0000 12.9739
745.5000 12.9802
746.0000 12.9803
746.5000 12.9663
747.0000 12.9549
747.5000 12.9408
748.0000 12.9647
748.5000 12.9440
749.0000 12.9844
749.5000 12.9459
750.0000 12.9858
750.5000 12.9776
751.0000 12.9577
751.5000 12.9710
752.0000 13.0012
752.5000 12.9775
753.0000 12.9631
753.5000 13.0103
754.0000 12.9535
754.5000 12.9578
755.0000 12.9524
755.5000 12.9326
756.0000 12.9501
756.5000 12.9450
757.0000 12.9180
757.5000 12.9320
758.0000 12.9571
758.5000 12.9824
759.0000 12.9227
759.5000 12.9425
760.0000 12.9254
760.5000 12.9446
761.0000 12.9398
761.5000 12.9468
762.0000 12.9481
762.5000 12.9525
763.0000 12.8761
763.5000 12.9091
764.0000 12.9196
764.5000 12.9420
765.0000 12.9463
765.5000 12.9240
766.0000 12.8926
766.5000 12.9266
767.0000 12.9331
767.5000 12.9059
768.0000 12.9335
768.5000 12.9045
769.0000 12.9236
769.5000 12.9396
770.0000 12.9038
770.5000 12.9322
771.0000 12.9206
771.5000 12.9325
772.0000 12.9408
772.5000 12.9080
773.0000 12.9303
773.5000 12.8686
774.0000 12.8841
774.5000 12.8737
775.0000 12.9166
775.5000 12.9119
776.0000 12.9286
776.5000 12.8831
777.0000 12.9221
777.5000 12.9073
778.0000 12.9170
778.5000 12.9127
779.0000 12.9186
779.5000 12.9032
780.0000 12.8585
780.5000 12.9030
781.0000 12.8784
781.5000 12.9023
782.0000 12.8741
782.5000 12.8861
783.0000 12.8751
783.5000 12.9050
784.0000 12.9260
784.5000 12.8598
785.0000 12.8726
785.5000 12.8770
786.0000 12.8864
786.5000 12.8642
787.0000 12.8707
787.5000 12.9034
788.0000 12.8597
788.5000 12.8630
789.0000 12.8753
789.5000 12.9213
790.0000 12.8806
790.5000 12.8682
791.0000 12.8704
791.5000 12.8526
792.0000 12.9106
792.5000 12.8234
793.0000 12.8404
793.5000 12.8828
794.0000 12.8333
794.5000 12.8678
795.0000 12.8413
795.5000 12.8714
796.0000 12.8633
796.5000 12.8621
797.0000 12.8513
797.5000 12.8345
798.0000 12.8656
798.5000 12.8480
799.0000 12.8515
799.5000 12.8402
800.0000 12.8437
800.5000 12.8450
801.0000 12.8040
801.5000 12.8354
802.0000 12.8144
802.5000 12.8358
803.0000 12.8688
803.5000 12.8389
804.0000 12.8656
804.5000 12.8630
805.0000 12.8374
805.5000 12.8185
806.0000 12.8086
806.5000 12.8387
807.0000 12.8496
807.5000 12.7997
808.0000 12.8243
808.5000 12.8053
809.0000 12.8429
809.5000 12.8161
810.0000 12.8131
810.5000 12.8233
811.0000 12.8550
811.5000 12.8269
812.0000 12.8244
812.5000 12.8121
813.0000 12.8155
813.5000 12.7880
814.0000 12.7992
814.5000 12.8273
815.0000 12.8176
815.5000 12.7738
816.0000 12.8411
816.5000 12.8254
817.0000 12.8004
817.5000 12.8306
818.0000 12.8045
818.5000 12.8040
819.0000 12.8191
819.5000 12.8191
820.0000 12.7880
820.5000 12.8099
821.0000 12.8355
821.5000 12.7986
822.0000 12.7941
822.5000 12.8054
823.0000 12.7916
823.5000 12.8005
824.0000 12.7916
824.5000 12.7759
825.0000 12.7913
825.5000 12.7930
826.0000 12.7744
826.5000 12.7807
827.0000 12.7728
827.5000 12.7989
828.0000 12.8004
828.5000 12.7469
829.0000 12.7484
829.5000 12.7346
830.0000 12.7857
830.5000 12.7632
831.0000 12.7620
831.5000 12.7623
832.0000 12.7344
832.5000 12.7608
833.0000 12.7824
833.5000 12.7826
834.0000 12.7496
834.5000 12.7791
835.0000 12.7308
835.5000 12.7600
836.0000 12.7821
836.5000 12.7706
837.0000 12.7416
837.5000 12.7578
838.0000 12.7152
838.5000 12.7661
839.0000 12.7483
839.5000 12.7720
840.0000 12.7503
840.5000 12.7303
841.0000 12.7279
841.5000 12.7788
842.0000 12.7590
842.5000 12.7505
843.0000 12.7220
843.5000 12.7460
844.0000 12.7622
844.5000 12.7440
845.0000 12.7038
845.5000 12.7464
846.0000 12.7038
846.5000 12.7203
847.0000 12.7311
847.5000 12.7262
848.0000 12.7479
848.5000 12.7290
849.0000 12.7236
849.5000 12.7175
850.0000 12.7274
850.5000 12.7429
851.0000 12.7261
851.5000 12.7610
852.0000 12.7285
852.5000 12.7369
853.0000 12.7227
853.5000 12.7025
854.0000 12.6977
854.5000 12.7044
855.0000 12.7218
855.5000 12.7013
856.0000 12.7383
856.5000 12.7170
857.0000 12.7310
857.5000 12.7169
858.0000 12.7180
858.5000 12.6926
859.0000 12.6899
859.5000 12.7472
860.0000 12.7275
860.5000 12.6874
861.0000 12.7096
861.5000 12.6835
862.0000 12.6738
862.5000 12.7510
863.0000 12.7084
863.5000 12.7141
864.0000 12.6661
864.5000 12.6914
865.0000 12.7018
865.5000 12.6937
866.0000 12.6620
866.5000 12.6939
867.0000 12.6977
867.5000 12.6882
868.0000 12.6901
868.5000 12.6906
869.0000 12.6506
869.5000 12.7176
870.0000 12.6653
870.5000 12.6812
871.0000 12.6774
871.5000 12.6864
872.0000 12.6970
872.5000 12.6867
873.0000 12.6633
873.5000 12.6574
874.0000 12.6697
874.5000 12.6807
875.0000 12.6788
875.5000 12.6592
876.0000 12.6440
876.5000 12.6545
877.0000 12.6370
877.5000 12.6093
878.0000 12.6483
878.5000 12.6550
879.0000 12.6538
879.5000 12.6431
880.0000 12.6480
880.5000 12.6628
881.0000 12.6538
881.5000 12.6782
882.0000 12.6500
882.5000 12.6502
883.0000 12.6219
883.5000 12.6464
884.0000 12.6241
884.5000 12.6893
885.0000 12.6193
885.5000 12.6087
886.0000 12.6484
886.5000 12.6242
887.0000 12.6294
887.5000 12.5966
888.0000 12.6477
888.5000 12.6334
889.0000 12.6348
889.5000 12.6392
890.0000 12.6438
890.5000 12.6334
891.0000 12.6432
891.5000 12.6276
892.0000 12.6183
892.5000 12.6427
893.0000 12.6173
893.5000 12.6392
894.0000 12.5863
894.5000 12.6006
895.0000 12.6049
895.5000 12.5955
896.0000 12.6076
896.5000 12.5702
897.0000 12.6282
897.5000 12.5898
898.0000 12.6309
898.5000 12.6083
899.0000 12.6353
899.5000 12.5931
900.0000 12.6074
900.5000 12.6021
901.0000 12.5990
901.5000 12.5941
902.0000 12.6070
902.5000 12.5893
903.0000 12.6021
903.5000 12.5808
904.0000 12.6151
904.5000 12.6009
905.0000 12.5918
905.5000 12.6041
906.0000 12.5908
906.5000 12.6033
907.0000 12.5905
907.5000 12.5590
908.0000 12.6034
908.5000 12.5934
909.0000 12.5720
909.5000 12.6079
910.0000 12.6129
910.5000 12.5611
911.0000 12.5589
911.5000 12.5833
912.0000 12.5808
912.5000 12.5791
913.0000 12.5664
913.5000 12.5727
914.0000 12.5930
914.5000 12.5950
915.0000 12.5665
915.5000 12.5457
916.0000 12.5629
916.5000 12.5386
917.0000 12.5866
917.5000 12.5446
918.0000 12.5506
918.5000 12.5652
919.0000 12.5344
919.5000 12.5566
920.0000 12.5349
920.5000 12.5421
921.0000 12.5469
921.5000 12.5381
922.0000 12.5511
922.5000 12.5684
923.0000 12.5883
923.5000 12.5648
924.0000 12.5435
924.5000 12.5418
925.0000 12.5337
925.5000 12.5528
926.0000 12.5631
926.5000 12.5134
927.0000 12.6000
927.5000 12.5507
928.0000 12.5419
928.5000 12.5516
929.0000 12.5375
929.5000 12.5205
930.0000 12.5749
930.5000 12.5248
931.0000 12.5287
931.5000 12.5154
932.0000 12.5233
932.5000 12.5564
933.0000 12.5409
933.5000 12.4748
934.0000 12.5158
934.5000 12.5388
935.0000 12.5135
935.5000 12.5319
936.0000 12.5112
936.5000 12.5222
937.0000 12.4931
937.5000 12.5335
938.0000 12.5341
938.5000 12.5031
939.0000 12.4945
939.5000 12.4787
940.0000 12.4929
940.5000 12.4909
941.0000 12.5165
941.5000 12.5255
942.0000 12.5241
942.5000 12.4894
943.0000 12.4972
943.5000 12.5095
944.0000 12.4867
944.5000 12.5256
945.0000 12.5233
945.5000 12.4948
946.0000 12.4479
946.5000 12.4834
947.0000 12.5023
947.5000 12.4553
948.0000 12.4670
948.5000 12.4407
949.0000 12.5042
949.5000 12.5090
950.0000 12.4885
950.5000 12.5052
951.0000 12.4859
951.5000 12.4859
952.0000 12.4355
952.5000 12.4534
953.0000 12.4788
953.5000 12.4674
954.0000 12.5215
954.5000 12.4757
955.0000 12.4702
955.5000 12.4800
956.0000 12.5169
956.5000 12.4380
957.0000 12.4842
957.5000 12.4803
958.0000 12.4659
958.5000 12.4607
959.0000 12.4480
959.5000 12.4749
960.0000 12.4537
960.5000 12.4840
961.0000 12.4503
961.5000 12.4765
962.0000 12.4509
962.5000 12.4637
963.0000 12.4337
963.5000 12.4859
964.0000 12.4306
964.5000 12.4315
965.0000 12.4417
965.5000 12.4475
966.0000 12.4383
966.5000 12.4046
967.0000 12.4583
967.5000 12.4329
968.0000 12.4317
968.5000 12.4300
969.0000 12.4418
969.5000 12.4290
970.0000 12.4358
970.5000 12.4322
971.0000 12.3996
971.5000 12.4644
972.0000 12.4251
972.5000 12.4089
973.0000 12.4537
973.5000 12.4255
974.0000 12.4280
974.5000 12.4589
975.0000 12.4372
975.5000 12.4086
976.0000 12.3936
976.5000 12.4116
977.0000 12.4210
977.5000 12.4074
978.0000 12.4215
978.5000 12.4243
979.0000 12.4142
979.5000 12.4070
980.0000 12.4062
980.5000 12.4178
981.0000 12.4394
981.5000 12.3870
982.0000 12.3936
982.5000 12.4445
983.0000 12.3859
983.5000 12.4262
984.0000 12.4116
984.5000 12.4386
985.0000 12.4091
985.5000 12.4248
986.0000 12.3936
986.5000 12.4031
987.0000 12.4076
987.5000 12.3689
988.0000 12.3245
988.5000 12.3899
989.0000 12.4110
989.5000 12.3899
990.0000 12.3594
990.5000 12.3594
991.0000 12.3980
991.5000 12.3657
992.0000 12.3955
992.5000 12.3542
993.0000 12.3827
993.5000 12.3978
994.0000 12.4146
994.5000 12.3947
995.0000 12.3897
995.5000 12.4147
996.0000 12.3656
996.5000 12.4113
997.0000 12.4095
997.5000 12.3857
998.0000 12.3467
998.5000 12.3748
999.0000 12.3707
999.5000 12.3725
1000.0000 12.3681
1000.5000 12.3897
1001.0000 12.3563
1001.5000 12.3684
1002.0000 12.3511
1002.5000 12.3492
1003.0000 12.3610
1003.5000 12.3523
1004.0000 12.3418
1004.5000 12.3779
1005.0000 12.3471
1005.5000 12.3688
1006.0000 12.3736
1006.5000 12.3377
1007.0000 12.3517
1007.5000 12.3264
1008.0000 12.3464
1008.5000 12.3200
1009.0000 12.3407
1009.5000 12.3633
1010.0000 12.3462
1010.5000 12.3538
1011.0000 12.3409
1011.5000 12.3141
1012.0000 12.3670
1012.5000 12.3405
1013.0000 12.3238
1013.5000 12.3410
1014.0000 12.3315
1014.5000 12.3222
1015.0000 12.3261
1015.5000 12.3504
1016.0000 12.3508
1016.5000 12.3322
1017.0000 12.3164
1017.5000 12.3115
1018.0000 12.3251
1018.5000 12.3125
1019.0000 12.3314
1019.5000 12.3166
1020.0000 12.3014
1020.5000 12.3035
1021.0000 12.3232
1021.5000 12.2946
1022.0000 12.2946
1022.5000 12.2904
1023.0000 12.3442
1023.5000 12.3251
1024.0000 12.3090
1024.5000 12.3083
1025.0000 12.3203
1025.5000 12.2860
1026.0000 12.3027
1026.5000 12.2670
1027.0000 12.3036
1027.5000 12.2764
1028.0000 12.2831
1028.5000 12.2877
1029.0000 12.2866
1029.5000 12.2572
1030.0000 12.2852
1030.5000 12.3590
1031.0000 12.2743
1031.5000 12.2611
1032.0000 12.2965
1032.5000 12.2880
1033.0000 12.2683
1033.5000 12.2912
1034.0000 12.2845
1034.5000 12.3034
1035.0000 12.2733
1035.5000 12.2576
1036.0000 12.2697
1036.5000 12.2812
1037.0000 12.2959
1037.5000 12.2835
1038.0000 12.3031
1038.5000 12.2903
1039.0000 12.3287
1039.5000 12.2913
1040.0000 12.2539
1040.5000 12.2673
1041.0000 12.2313
1041.5000 12.2696
1042.0000 12.2460
1042.5000 12.2807
1043.0000 12.2989
1043.5000 12.3165
1044.0000 12.2606
1044.5000 12.2648
1045.0000 12.2492
1045.5000 12.2507
1046.0000 12.2617
1046.5000 12.2655
1047.0000 12.2612
1047.5000 12.2409
1048.0000 12.2513
1048.5000 12.2656
1049.0000 12.2666
1049.5000 12.2524
1050.0000 12.2643
1050.5000 12.2497
1051.0000 12.2403
1051.5000 12.2348
1052.0000 12.2418
1052.5000 12.2223
1053.0000 12.2141
1053.5000 12.2048
1054.0000 12.2447
1054.5000 12.2463
1055.0000 12.2655
1055.5000 12.2156
1056.0000 12.2437
1056.5000 12.2643
1057.0000 12.2377
1057.5000 12.2328
1058.0000 12.2259
1058.5000 12.2243
1059.0000 12.1951
1059.5000 12.2143
1060.0000 12.2195
1060.5000 12.2426
1061.0000 12.2296
1061.5000 12.2377
1062.0000 12.2067
1062.5000 12.1731
1063.0000 12.2318
1063.5000 12.2374
1064.0000 12.2265
1064.5000 12.2407
1065.0000 12.2056
1065.5000 12.2370
1066.0000 12.2261
1066.5000 12.2341
1067.0000 12.2085
1067.5000 12.2032
1068.0000 12.2145
1068.5000 12.2076
1069.0000 12.1849
1069.5000 12.1965
1070.0000 12.1955
1070.5000 12.2102
1071.0000 12.1385
1071.5000 12.1958
1072.0000 12.2152
1072.5000 12.1706
1073.0000 12.2080
1073.5000 12.1995
1074.0000 12.2049
1074.5000 12.2016
1075.0000 12.1616
1075.5000 12.1710
1076.0000 12.2006
1076.5000 12.1998
1077.0000 12.2109
1077.5000 12.1882
1078.0000 12.1766
1078.5000 12.1972
1079.0000 12.1860
1079.5000 12.1340
1080.0000 12.1510
1080.5000 12.1775
1081.0000 12.1880
1081.5000 12.1551
1082.0000 12.1455
1082.5000 12.1396
1083.0000 12.1552
1083.5000 12.1804
1084.0000 12.1855
1084.5000 12.1906
1085.0000 12.1364
1085.5000 12.1320
1086.0000 12.1584
1086.5000 12.1637
1087.0000 12.1432
1087.5000 12.1731
1088.0000 12.1349
1088.5000 12.1257
1089.0000 12.1375
1089.5000 12.1681
1090.0000 12.1314
1090.5000 12.1762
1091.0000 12.1333
1091.5000 12.1618
1092.0000 12.1442
1092.5000 12.1437
1093.0000 12.1052
1093.5000 12.1291
1094.0000 12.1340
1094.5000 12.1524
1095.0000 12.1077
1095.5000 12.1427
1096.0000 12.1370
1096.5000 12.1335
1097.0000 12.0873
1097.5000 12.1443
1098.0000 12.1317
1098.5000 12.1197
1099.0000 12.1306
1099.5000 12.1067
1100.0000 12.1276
1100.5000 12.1590
1101.0000 12.1347
1101.5000 12.1293
1102.0000 12.0841
1102.5000 12.1210
1103.0000 12.1709
1103.5000 12.1060
1104.0000 12.1322
1104.5000 12.1321
1105.0000 12.1429
1105.5000 12.1175
1106.0000 12.1423
1106.5000 12.1223
1107.0000 12.1202
1107.5000 12.1339
1108.0000 12.1681
1108.5000 12.0739
1109.0000 12.1100
1109.5000 12.1126
1110.0000 12.1295
1110.5000 12.1039
1111.0000 12.0967
1111.5000 12.0911
1112.0000 12.0772
1112.5000 12.0778
1113.0000 12.0908
1113.5000 12.0833
1114.0000 12.1071
1114.5000 12.1047
1115.0000 12.0750
1115.5000 12.1366
1116.0000 12.0829
1116.5000 12.0751
1117.0000 12.0656
1117.5000 12.0788
1118.0000 12.0922
1118.5000 12.0669
1119.0000 12.0570
1119.5000 12.0858
1120.0000 12.0582
1120.5000 12.0651
1121.0000 12.0449
1121.5000 12.0267
1122.0000 12.0830
1122.5000 12.0832
1123.0000 12.0742
1123.5000 12.0402
1124.0000 12.0453
1124.5000 12.1007
1125.0000 12.0805
1125.5000 12.0675
1126.0000 12.0661
1126.5000 12.0695
1127.0000 12.0646
1127.5000 12.0858
1128.0000 12.0541
1128.5000 12.0692
1129.0000 12.0535
1129.5000 12.0554
1130.0000 12.0135
1130.5000 12.0569
1131.0000 12.0228
1131.5000 12.0532
1132.0000 12.0510
1132.5000 12.0339
1133.0000 12.0385
1133.5000 12.0353
1134.0000 12.0238
1134.5000 12.0371
1135.0000 12.0411
1135.5000 12.0673
1136.0000 12.0447
1136.5000 12.0164
1137.0000 12.0696
1137.5000 12.0304
1138.0000 12.0294
1138.5000 12.0412
1139.0000 12.0604
1139.5000 12.0113
1140.0000 12.0279
1140.5000 12.0394
1141.0000 12.0237
1141.5000 12.0171
1142.0000 12.0278
1142.5000 12.0480
1143.0000 12.0316
1143.5000 12.0378
1144.0000 12.0187
1144.5000 12.0265
1145.0000 12.0161
1145.5000 12.0381
1146.0000 12.0352
1146.5000 11.9920
1147.0000 12.0257
1147.5000 12.0139
1148.0000 12.0388
1148.5000 12.0064
1149.0000 12.0254
1149.5000 12.0078
1150.0000 12.0150
1150.5000 12.0089
1151.0000 12.0055
1151.5000 12.0494
1152.0000 12.0094
1152.5000 12.0480
1153.0000 11.9891
1153.5000 12.0132
1154.0000 12.0247
1154.5000 12.0093
1155.0000 11.9918
1155.5000 12.0185
1156.0000 12.0091
1156.5000 11.9749
1157.0000 12.0106
1157.5000 11.9552
1158.0000 11.9516
1158.5000 11.9633
1159.0000 11.9879
1159.5000 12.0146
1160.0000 11.9886
1160.5000 11.9757
1161.0000 11.9556
1161.5000 11.9468
1162.0000 11.9692
1162.5000 11.9932
1163.0000 12.0054
1163.5000 11.9672
1164.0000 11.9829
1164.5000 11.9685
1165.0000 11.9911
1165.5000 11.9631
1166.0000 11.9794
1166.5000 11.9624
1167.0000 11.9715
1167.5000 11.9821
1168.0000 12.0027
1168.5000 11.9507
1169.0000 11.9496
1169.5000 11.9971
1170.0000 11.9580
1170.5000 11.9459
1171.0000 11.9917
1171.5000 11.9764
1172.0000 11.9743
1172.5000 11.9353
1173.0000 11.9435
1173.5000 11.9351
1174.0000 11.9289
1174.5000 11.9249
1175.0000 11.9739
1175.5000 11.9617
1176.0000 11.9501
1176.5000 11.9726
1177.0000 11.9333
1177.5000 11.9342
1178.0000 11.9441
1178.5000 11.9070
1179.0000 11.9734
1179.5000 11.9342
1180.0000 11.9279
1180.5000 11.9228
1181.0000 11.9017
1181.5000 11.9569
1182.0000 11.9215
1182.5000 11.9152
1183.0000 11.9562
1183.5000 11.8955
1184.0000 11.9101
1184.5000 11.9149
1185.0000 11.9138
1185.5000 11.9288
1186.0000 11.9178
1186.5000 11.9226
1187.0000 11.9103
1187.5000 11.9140
1188.0000 11.9221
1188.5000 11.9330
1189.0000 11.9164
1189.5000 11.9710
1190.0000 11.9254
1190.5000 11.9415
1191.0000 11.9293
1191.5000 11.9248
1192.0000 11.8596
1192.5000 11.8939
1193.0000 11.8999
1193.5000 11.9229
1194.0000 11.9297
1194.5000 11.8847
1195.0000 11.9027
1195.5000 11.9063
1196.0000 11.8810
1196.5000 11.9417
1197.0000 11.9137
1197.5000 11.8732
1198.0000 11.8368
1198.5000 11.8767
1199.0000 11.8810
1199.5000 11.9135
1200.0000 11.8609
1200.5000 11.8791
1201.0000 11.8970
1201.5000 11.8908
1202.0000 11.8599
1202.5000 11.8838
1203.0000 11.8760
1203.5000 11.8640
1204.0000 11.8996
1204.5000 11.8371
1205.0000 11.9040
1205.5000 11.8439
1206.0000 11.8825
1206.5000 11.8946
1207.0000 11.8759
1207.5000 11.8636
1208.0000 11.8546
1208.5000 11.8917
1209.0000 11.8753
1209.5000 11.8863
1210.0000 11.8588
1210.5000 11.8662
1211.0000 11.8636
1211.5000 11.8878
1212.0000 11.8168
1212.5000 11.8315
1213.0000 11.8351
1213.5000 11.8506
1214.0000 11.8306
1214.5000 11.8526
1215.0000 11.8252
1215.5000 11.8287
1216.0000 11.8616
1216.5000 11.8476
1217.0000 11.8828
1217.5000 11.8813
1218.0000 11.8427
1218.5000 11.8433
1219.0000 11.8098
1219.5000 11.8199
1220.0000 11.8348
1220.5000 11.8385
1221.0000 11.8192
1221.5000 11.8352
1222.0000 11.8531
1222.5000 11.8344
1223.0000 11.8331
1223.5000 11.8660
1224.0000 11.8424
1224.5000 11.8516
1225.0000 11.8378
1225.5000 11.8348
1226.0000 11.8320
1226.5000 11.7879
1227.0000 11.8674
1227.5000 11.8037
1228.0000 11.7932
1228.5000 11.8029
1229.0000 11.7856
1229.5000 11.8013
1230.0000 11.7900
1230.5000 11.8017
1231.0000 11.7778
1231.5000 11.7994
1232.0000 11.8065
1232.5000 11.8381
1233.0000 11.8030
1233.5000 11.8019
1234.0000 11.8045
1234.5000 11.8012
1235.0000 11.7757
1235.5000 11.7841
1236.0000 11.8128
1236.5000 11.8132
1237.0000 11.7793
1237.5000 11.7926
1238.0000 11.8211
1238.5000 11.8035
1239.0000 11.8111
1239.5000 11.8079
1240.0000 11.7856
1240.5000 11.7945
1241.0000 11.7451
1241.5000 11.7963
1242.0000 11.7652
1242.5000 11.8055
1243.0000 11.7738
1243.5000 11.7698
1244.0000 11.7332
1244.5000 11.7752
1245.0000 11.7930
1245.5000 11.8089
1246.0000 11.7592
1246.5000 11.7393
1247.0000 11.7578
1247.5000 11.7846
1248.0000 11.7786
1248.5000 11.7843
1249.0000 11.7254
1249.5000 11.7266
1250.0000 11.7813
1250.5000 11.7809
1251.0000 11.7175
1251.5000 11.7834
1252.0000 11.7946
1252.5000 11.7785
1253.0000 11.7450
1253.5000 11.7419
1254.0000 11.7815
1254.5000 11.7541
1255.0000 11.7502
1255.5000 11.7397
1256.0000 11.7346
1256.5000 11.7606
1257.0000 11.7225
1257.5000 11.7621
1258.0000 11.7429
1258.5000 11.7754
1259.0000 11.7090
1259.5000 11.7861
1260.0000 11.7451
1260.5000 11.7429
1261.0000 11.7344
1261.5000 11.7614
1262.0000 11.7238
1262.5000 11.7290
1263.0000 11.7219
1263.5000 11.7321
1264.0000 11.7510
1264.5000 11.7443
1265.0000 11.7641
1265.5000 11.7089
1266.0000 11.7448
1266.5000 11.7514
1267.0000 11.7230
1267.5000 11.7349
1268.0000 11.6858
1268.5000 11.6961
1269.0000 11.6724
1269.5000 11.7286
1270.0000 11.7188
1270.5000 11.7220
1271.0000 11.7292
1271.5000 11.7048
1272.0000 11.7225
1272.5000 11.7331
1273.0000 11.7153
1273.5000 11.7327
1274.0000 11.7259
1274.5000 11.7234
1275.0000 11.6995
1275.5000 11.7317
1276.0000 11.6819
1276.5000 11.7124
1277.0000 11.7398
1277.5000 11.6903
1278.0000 11.6989
1278.5000 11.7006
1279.0000 11.6798
1279.5000 11.7016
1280.0000 11.6881
1280.5000 11.7112
1281.0000 11.7003
1281.5000 11.6669
1282.0000 11.6915
1282.5000 11.6590
1283.0000 11.6349
1283.5000 11.6678
1284.0000 11.6976
1284.5000 11.7119
1285.0000 11.6745
1285.5000 11.6696
1286.0000 11.6691
1286.5000 11.6937
1287.0000 11.6270
1287.5000 11.6462
1288.0000 11.6994
1288.5000 11.6469
1289.0000 11.6877
1289.5000 11.6778
1290.0000 11.6733
1290.5000 11.6840
1291.0000 11.6488
1291.5000 11.6916
1292.0000 11.6303
1292.5000 11.6061
1293.0000 11.6566
1293.5000 11.6541
1294.0000 11.6419
1294.5000 11.6544
1295.0000 11.6795
1295.5000 11.6633
1296.0000 11.6339
1296.5000 11.6562
1297.0000 11.6577
1297.5000 11.6279
1298.0000 11.6214
1298.5000 11.6343
1299.0000 11.6880
1299.5000 11.6423
1300.0000 11.6768
1300.5000 11.6801
1301.0000 11.6574
1301.5000 11.6543
1302.0000 11.6522
1302.5000 11.6633
1303.0000 11.6288
1303.5000 11.6461
1304.0000 11.6212
1304.5000 11.6024
1305.0000 11.6169
1305.5000 11.6085
1306.0000 11.6188
1306.5000 11.6227
1307.0000 11.6308
1307.5000 11.6365
1308.0000 11.6207
1308.5000 11.5877
1309.0000 11.6209
1309.5000 11.6430
1310.0000 11.6334
1310.5000 11.6182
1311.0000 11.6191
1311.5000 11.6292
1312.0000 11.6266
1312.5000 11.6232
1313.0000 11.5854
1313.5000 11.5614
1314.0000 11.5971
1314.5000 11.6075
1315.0000 11.6014
1315.5000 11.5922
1316.0000 11.6188
1316.5000 11.6102
1317.0000 11.5991
1317.5000 11.5786
1318.0000 11.5890
1318.5000 11.6025
1319.0000 11.6116
1319.5000 11.6329
1320.0000 11.6131
1320.5000 11.5689
1321.0000 11.5830
1321.5000 11.6071
1322.0000 11.5947
1322.5000 11.6178
1323.0000 11.6099
1323.5000 11.5808
1324.0000 11.6287
1324.5000 11.5867
1325.0000 11.6272
1325.5000 11.5846
1326.0000 11.5693
1326.5000 11.5800
1327.0000 11.5991
1327.5000 11.5828
1328.0000 11.5829
1328.5000 11.5748
1329.0000 11.5875
1329.5000 11.5865
1330.0000 11.5377
1330.5000 11.5700
1331.0000 11.5875
1331.5000 11.5411
1332.0000 11.5640
1332.5000 11.5803
1333.0000 11.5596
1333.5000 11.5787
1334.0000 11.5833
1334.5000 11.5427
1335.0000 11.5655
1335.5000 11.5502
1336.0000 11.5447
1336.5000 11.5830
1337.0000 11.5347
1337.5000 11.5572
1338.0000 11.5336
1338.5000 11.5512
1339.0000 11.5723
1339.5000 11.5567
1340.0000 11.5609
1340.5000 11.5767
1341.0000 11.5624
1341.5000 11.5454
1342.0000 11.5205
1342.5000 11.4961
1343.0000 11.5209
1343.5000 11.5649
1344.0000 11.5506
1344.5000 11.5099
1345.0000 11.5408
1345.5000 11.5866
1346.0000 11.4892
1346.5000 11.5612
1347.0000 11.5304
1347.5000 11.5133
1348.0000 11.5335
1348.5000 11.5439
1349.0000 11.5098
1349.5000 11.5089
1350.0000 11.4973
1350.5000 11.5292
1351.0000 11.5500
1351.5000 11.5092
1352.0000 11.4918
1352.5000 11.4813
1353.0000 11.5378
1353.5000 11.5461
1354.0000 11.5214
1354.5000 11.5449
1355.0000 11.4903
1355.5000 11.5395
1356.0000 11.4986
1356.5000 11.5032
1357.0000 11.5046
1357.5000 11.5363
1358.0000 11.5267
1358.5000 11.4758
1359.0000 11.5089
1359.5000 11.4911
1360.0000 11.5139
1360.5000 11.4812
1361.0000 11.4771
1361.5000 11.5092
1362.0000 11.5163
1362.5000 11.4388
1363.0000 11.4912
1363.5000 11.4700
1364.0000 11.4852
1364.5000 11.5145
1365.0000 11.4701
1365.5000 11.5047
1366.0000 11.5050
1366.5000 11.5123
1367.0000 11.4799
1367.5000 11.4720
1368.0000 11.4746
1368.5000 11.4922
1369.0000 11.5011
1369.5000 11.4671
1370.0000 11.4677
1370.5000 11.4846
1371.0000 11.4870
1371.5000 11.4548
1372.0000 11.4412
1372.5000 11.4516
1373.0000 11.4840
1373.5000 11.4567
1374.0000 11.4953
1374.5000 11.4526
1375.0000 11.4787
1375.5000 11.4448
1376.0000 11.4672
1376.5000 11.4229
1377.0000 11.4732
1377.5000 11.4197
1378.0000 11.4652
1378.5000 11.4757
1379.0000 11.4672
1379.5000 11.4420
1380.0000 11.4215
1380.5000 11.4323
1381.0000 11.4530
1381.5000 11.4637
1382.0000 11.3795
1382.5000 11.4197
1383.0000 11.4724
1383.5000 11.4663
1384.0000 11.4322
1384.5000 11.4328
1385.0000 11.4262
1385.5000 11.4317
1386.0000 11.4647
1386.5000 11.4593
1387.0000 11.4370
1387.5000 11.4561
1388.0000 11.4784
1388.5000 11.4582
1389.0000 11.4001
1389.5000 11.4264
1390.0000 11.4113
1390.5000 11.4246
1391.0000 11.4261
1391.5000 11.4233
1392.0000 11.4174
1392.5000 11.4366
1393.0000 11.4247
1393.5000 11.4149
1394.0000 11.4308
1394.5000 11.3951
1395.0000 11.3961
1395.5000 11.3807
1396.0000 11.3950
1396.5000 11.4075
1397.0000 11.3820
1397.5000 11.3843
1398.0000 11.3797
1398.5000 11.4253
1399.0000 11.4057
1399.5000 11.4034
1400.0000 11.4007
1400.5000 11.4070
1401.0000 11.4197
1401.5000 11.3709
1402.0000 11.3969
1402.5000 11.4343
1403.0000 11.4084
1403.5000 11.3898
1404.0000 11.3907
1404.5000 11.4072
1405.0000 11.3947
1405.5000 11.3849
1406.0000 11.4202
1406.5000 11.3783
1407.0000 11.3906
1407.5000 11.3609
1408.0000 11.3993
1408.5000 11.3506
1409.0000 11.3914
1409.5000 11.3889
1410.0000 11.3549
1410.5000 11.3556
1411.0000 11.3910
1411.5000 11.3449
1412.0000 11.3843
1412.5000 11.3655
1413.0000 11.3394
1413.5000 11.3277
1414.0000 11.3960
1414.5000 11.4047
1415.0000 11.3589
1415.5000 11.3596
1416.0000 11.3766
1416.5000 11.3959
1417.0000 11.3618
1417.5000 11.3848
1418.0000 11.3638
1418.5000 11.3876
1419.0000 11.3668
1419.5000 11.3904
1420.0000 11.3324
1420.5000 11.3268
1421.0000 11.3545
1421.5000 11.3498
1422.0000 11.3995
1422.5000 11.3095
1423.0000 11.3457
1423.5000 11.3621
1424.0000 11.3719
1424.5000 11.3539
1425.0000 11.3286
1425.5000 11.3200
1426.0000 11.3545
1426.5000 11.3613
1427.0000 11.3614
1427.5000 11.3410
1428.0000 11.3188
1428.5000 11.3193
1429.0000 11.3141
1429.5000 11.3120
1430.0000 11.2975
1430.5000 11.3407
1431.0000 11.2924
1431.5000 11.3289
1432.0000 11.3157
1432.5000 11.3595
1433.0000 11.2809
1433.5000 11.3418
1434.0000 11.3098
1434.5000 11.3378
1435.0000 11.3457
1435.5000 11.2991
1436.0000 11.3014
1436.5000 11.3267
1437.0000 11.2948
1437.5000 11.3327
1438.0000 11.3046
1438.5000 11.3279
1439.0000 11.2890
1439.5000 11.2909
1440.0000 11.3227
1440.5000 11.3294
1441.0000 11.2777
1441.5000 11.2923
1442.0000 11.3349
1442.5000 11.2905
1443.0000 11.3095
1443.5000 11.2877
1444.0000 11.2908
1444.5000 11.2918
1445.0000 11.3072
1445.5000 11.3005
1446.0000 11.2738
1446.5000 11.2604
1447.0000 11.2975
1447.5000 11.3166
1448.0000 11.2783
1448.5000 11.3012
1449.0000 11.2904
1449.5000 11.3404
1450.0000 11.3241
1450.5000 11.2894
1451.0000 11.3169
1451.5000 11.2845
1452.0000 11.2918
1452.5000 11.2742
1453.0000 11.3047
1453.5000 11.2829
1454.0000 11.3132
1454.5000 11.2717
1455.0000 11.2979
1455.5000 11.2786
1456.0000 11.2314
1456.5000 11.2018
1457.0000 11.2207
1457.5000 11.2586
1458.0000 11.2571
1458.5000 11.2744
1459.0000 11.2389
1459.5000 11.2472
1460.0000 11.2740
1460.5000 11.2337
1461.0000 11.2754
1461.5000 11.2526
1462.0000 11.2493
1462.5000 11.2549
1463.0000 11.2514
1463.5000 11.2396
1464.0000 11.2362
1464.5000 11.2421
1465.0000 11.2268
1465.5000 11.2539
1466.0000 11.2423
1466.5000 11.2640
1467.0000 11.2554
1467.5000 11.2460
1468.0000 11.2184
1468.5000 11.2663
1469.0000 11.2604
1469.5000 11.2064
1470.0000 11.2727
1470.5000 11.2414
1471.0000 11.2203
1471.5000 11.2135
1472.0000 11.2607
1472.5000 11.2350
1473.0000 11.2159
1473.5000 11.2626
1474.0000 11.2164
1474.5000 11.2391
1475.0000 11.2164
1475.5000 11.2081
1476.0000 11.2217
1476.5000 11.1930
1477.0000 11.1999
1477.5000 11.2134
1478.0000 11.1826
1478.5000 11.2046
1479.0000 11.2353
1479.5000 11.2386
1480.0000 11.2098
1480.5000 11.2374
1481.0000 11.2282
1481.5000 11.2026
1482.0000 11.1732
1482.5000 11.2069
1483.0000 11.2121
1483.5000 11.1711
1484.0000 11.1815
1484.5000 11.2142
1485.0000 11.1957
1485.5000 11.1916
1486.0000 11.1971
1486.5000 11.1983
1487.0000 11.2004
1487.5000 11.1714
1488.0000 11.1922
1488.5000 11.1947
1489.0000 11.2126
1489.5000 11.2192
1490.0000 11.2040
1490.5000 11.1975
1491.0000 11.2055
1491.5000 11.1933
1492.0000 11.2117
1492.5000 11.2021
1493.0000 11.1858
1493.5000 11.1698
1494.0000 11.1871
1494.5000 11.1774
1495.0000 11.1809
1495.5000 11.1159
1496.0000 11.1883
1496.5000 11.1999
1497.0000 11.1707
1497.5000 11.1635
1498.0000 11.1881
1498.5000 11.1668
1499.0000 11.1600
1499.5000 11.1990
1500.0000 11.1264
